1017
1017
1017
1017
1017
1017
1017
1017
1017
1017
1017
1017
1017
1017
1018
1018
1018
1018
1018
1018
1018
1018
1018
1018
1018
1018
1018
1018
1018
1018
1018
1018
1018
1018
1017
1018
1019
1019
1019
1019
1019
1019
1019
1019
1019
1019
1019
1019
1019
1019
1019
1019
1019
1019
1019
1019
1019
1019
1019
1019
1019
1019
1019
1019
1019
1019
1019
1019
1019
1019
1019
1019
1019
1019
1019
1019
1019
1019
1019
1019
1019
1019
1019
1019
1019
1019
1019
1019
1019
1019
1019
1019
1019
1019
1019
1019
1019
1019
1019
1019
1019
1019
1019
1019
1019
1019
1019
1019
1019
1019
1019
1019
1019
1019
1019
1019
1019
1019
1019
1019
1019
1019
1019
1019
1019
1019
1019
1019
1019
1019
1019
1019
1019
1019
1019
1019
1019
1019
1019
1019
1019
1019
1019
1019
1019
1019
1019
1019
1019
1019
1019
1019
1019
1019
1019
1019
1019
1019
1019
1019
1019
1019
1019
1019
1019
1019
1019
1019
1019
1019
1019
1019
1019
1019
1019
1019
1019
1019
1019
1019
1019
1019
1019
1019
1019
1019
1019
1019
1019
1019
1019
1019
1019
1019
1019
1019
1019
1019
1019
1019
1019
1019
1019
1019
1019
1019
1019
1019
1019
1019
1019
1019
1019
1019
1019
1019
1019
1019
1019
1019
1019
1019
1019
1019
1019
1019
1019
1019
1019
1019
1019
1019
1019
1019
1019
1019
1019
1019
1019
1019
1019
1019
1019
1019
1019
1019
1019
1019
1019
1019
1019
1019
1019
1019
1019
1019
1019
1019
1019
1019
1019
1019
1019
1019
1019
1019
1019
1019
1019
1019
1019
1019
1019
1019
1019
1019
1019
1019
1019
1019
1019
1019
1019
1019
1019
1019
1019
1019
1019
1019
1019
1019
1019
1019
1019
1019
1019
1019
1019
1019
1019
1019
1019
1019
1019
1019
1019
1019
1019
1019
1019
1019
1019
1019
1019
1019
1019
1019
1019
1019
1019
1019
1019
1019
1019
1019
1019
1019
1019
1019
1019
1019
1019
1019
1019
1019
1019
1019
1019
1019
1019
1019
1019
1019
1019
1019
1019
1019
1019
1019
1019
1019
1019
1019
1019
1019
1019
1019
1019
1019
1019
1019
1019
1019
1019
1019
1019
1019
1019
1019
1019
1019
1019
1019
1019
1019
1019
1019
1019
1019
1019
1019
1019
1019
1019
1019
1022
1021
1021
1021
1021
1021
1021
1021
1021
1021
1021
1021
1021
1021
1021
1021
1021
1021
1021
1021
1021
1021
1021
1021
1021
1021
1021
1021
1021
1021
1021
1021
1021
1020
1020
1020
1020
1021
1021
1021
1021
1020
1021
1021
1021
1021
1021
1021
1021
1021
1020
1020
1020
1020
1020
1020
1020
1020
1020
1021
1021
1020
1020
1020
1020
1020
1020
1020
1021
1020
1020
1020
1020
1021
1019
1019
1019
1019
1019
1019
1019
1019
1019
1020
1019
1019
1019
1019
1020
1019
1019
1019
1019
1020
1019
1019
1019
1020
1019
1019
1019
1019
1019
1019
1019
1019
1019
1019
1019
1019
1019
1019
1019
1019
1019
1019
1019
1019
1019
1019
1019
1019
1019
1019
1019
1019
1019
1019
1019
1019
1019
1019
1019
1019
1021
1019
1020
1019
1019
1022
1019
1019
1019
1020
1019
1022
1019
1019
1018
1018
1020
1022
1017
1018
1017
1018
1018
1023
1018
1018
1018
1018
1024
1025
1021
1013
1017
1017
1022
1021
1015
1017
1018
1025
1026
1015
1017
1018
1019
1046
1041
1042
1044
1043
1042
1040
1036
1037
1038
1041
1039
1040
1039
1039
1040
1038
1034
1030
1028
1030
1032
1031
1034
1036
1036
1035
1034
1031
1027
1024
1023
1021
1021
1016
1016
1013
1009
1009
1011
1018
1026
1036
1043
1048
1049
1043
1035
1025
1016
1009
1006
1006
1006
1006
1006
1006
1006
1006
1006
1006
1006
1006
1006
1006
1006
1006
1006
1006
1006
1006
1006
976
976
977
978
981
984
988
991
993
995
996
993
999
995
1001
1000
1003
1003
1006
1007
1008
1008
1009
1010
1009
1009
1010
1009
1010
1010
1011
1011
1011
1011
1011
1012
1012
1013
1014
1014
1015
1016
1016
1017
1018
1019
1019
1018
1018
1018
1018
1017
1017
1017
1017
1018
1018
1019
1019
1019
1020
1019
1019
1019
1019
1019
1019
1019
1020
1021
1021
1022
1022
1023
1022
1023
1022
1022
1021
1022
1022
1024
1024
1025
1025
1025
1024
1023
1021
1020
1017
1016
1016
1008
1008
1002
1005
1000
1011
1015
1015
1015
1015
1015
1015
1015
1015
1015
1015
1015
1015
1015
1015
1015
1015
1015
1015
1015
1015
1015
965
965
966
969
972
977
981
985
988
991
992
993
993
993
994
995
997
999
1001
1003
1004
1005
1005
1007
1007
1008
1008
1009
1009
1008
1011
1010
1013
1013
1014
1014
1014
1015
1014
1014
1014
1015
1017
1019
1020
1022
1022
1022
1021
1019
1017
1017
1016
1017
1018
1019
1020
1021
1021
1022
1021
1022
1022
1021
1021
1020
1020
1019
1019
1020
1020
1020
1020
1021
1022
1022
1023
1023
1024
1024
1025
1026
1027
1027
1025
1024
1022
1020
1016
1010
1004
1005
1005
1006
1013
1023
1030
1037
1042
1041
1041
1041
1041
1041
1041
1041
1041
1041
1041
1041
1041
1041
1041
1041
1041
1041
1041
1041
1041
1041
1041
1041
1041
1041
1041
1040
1038
1035
1034
1031
1030
1030
1030
1030
1030
1030
1029
1029
1028
1027
1026
1025
1025
1024
1025
1024
1024
1024
1024
1025
1024
1024
1024
1023
1024
1023
1023
1023
1024
1024
1024
1023
1023
1022
1022
1021
1020
1021
1020
1021
1020
1020
1021
1022
1018
1023
1017
1024
1019
1021
1019
1020
1020
1021
1020
1023
1022
1024
1024
1024
1025
1024
1023
1023
1021
1020
1018
1017
1016
1012
1003
1001
996
1003
1009
1022
1030
1038
1043
1042
1038
1028
1020
1011
1004
1000
1001
1005
1009
1015
1015
1015
1015
1015
1015
1015
1015
1015
1015
1015
1015
1015
1015
1015
1015
1015
1015
1015
1015
1015
1015
1015
1015
1015
1015
1015
1015
1015
1015
1015
1015
1015
1015
1015
1015
1015
1015
1015
1015
1015
1015
1015
1015
1015
1015
1015
1015
1015
1015
1015
1015
1015
1015
1016
1015
1017
1017
1017
1018
1018
1018
1018
1018
1017
1018
1018
1019
1019
1019
1019
1018
1019
1018
1018
1019
1019
1020
1021
1023
1022
1022
1021
1021
1020
1018
1017
1016
1012
1012
1005
1005
1009
1013
1021
1027
1031
1033
1033
1028
1022
1017
1012
1008
1007
1008
1010
1014
1016
1018
1019
1018
1017
1017
1011
1012
1012
1010
1015
1016
1016
1016
1017
1017
1014
1014
1014
1015
1013
1015
1015
1017
1017
1017
1019
1018
1017
1014
1014
1012
1013
1011
1015
1014
1016
1019
1020
1021
1020
1020
1021
1018
1018
1018
1018
1018
1018
1018
1018
1018
1018
1018
1018
1018
1018
1018
1018
1018
1018
1018
1018
1018
1018
1018
1018
1018
1018
1018
1018
1018
1018
1018
1018
1018
1018
1018
1018
1018
1018
1010
1010
1010
1010
1009
1010
1001
999
994
995
999
1006
1016
1025
1034
1038
1040
1036
1029
1020
1011
1004
998
999
1001
1006
1013
1019
1023
1025
1023
1022
1018
1015
1014
1013
1014
1015
1018
1021
1022
1024
1024
1022
1020
1019
1018
1018
1016
1017
1018
1019
1020
1020
1020
1021
1019
1019
1017
1018
1017
1019
1020
1021
1021
1021
1021
1020
1018
1018
1018
1016
1017
1018
1016
1018
1019
1019
1021
1022
1022
1022
1021
1019
1018
1017
1018
1018
1018
1020
1021
1022
1022
1022
1023
1025
1024
1024
1023
1023
1023
1023
1023
1023
1023
1023
1023
1023
1023
1023
1023
1023
1023
1023
1023
1023
1023
1023
1023
1023
913
916
921
928
937
946
956
963
968
970
971
971
970
971
973
975
982
983
995
993
1001
1000
1003
1002
1002
1002
1002
1004
1005
1007
1009
1011
1012
1013
1013
1013
1012
1012
1012
1013
1014
1015
1016
1018
1019
1020
1020
1019
1019
1018
1019
1018
1018
1019
1019
1020
1021
1022
1023
1022
1022
1021
1021
1021
1021
1020
1021
1020
1021
1021
1022
1024
1023
1023
1023
1022
1021
1019
1016
1010
1005
1001
1002
1006
1014
1021
1028
1032
1033
1033
1031
1026
1020
1014
1009
1004
1003
1003
1005
1010
1010
1010
1010
1010
1010
1010
1010
1010
1010
1010
1010
1010
1010
1010
1010
1010
1010
1010
1010
1010
990
992
993
995
997
998
1000
1002
1004
1006
1007
1009
1009
1010
1011
1011
1012
1012
1014
1013
1013
1014
1014
1014
1015
1016
1017
1018
1019
1018
1018
1017
1017
1017
1017
1017
1017
1017
1017
1018
1019
1020
1019
1020
1019
1018
1018
1016
1014
1009
1007
1007
1009
1012
1018
1022
1027
1029
1030
1029
1025
1021
1017
1012
1008
1006
1007
1008
1010
1013
1016
1017
1017
1017
1017
1015
1014
1013
1013
1015
1015
1015
1017
1016
1016
1016
1016
1017
1016
1017
1017
1016
1014
1016
1014
1016
1015
1015
1017
1017
1017
1017
1017
1017
1017
1017
1017
1017
1017
1017
1017
1017
1017
1017
1017
1017
1017
1017
1017
1017
1017
1017
1017
1017
1017
1017
1017
1017
1017
1017
1017
1017
1017
1017
1017
1017
1017
1017
1017
1017
1017
1017
1017
1017
1017
1017
1017
1017
1017
1017
1017
940
941
942
945
948
951
957
963
969
976
980
983
983
984
985
984
984
986
988
991
994
996
1000
1002
1003
1004
1003
1005
1004
1004
1005
1007
1008
1009
1011
1012
1011
1012
1012
1013
1013
1014
1014
1014
1013
1014
1014
1015
1016
1016
1017
1017
1018
1018
1018
1018
1017
1017
1017
1018
1018
1018
1018
1021
1021
1023
1026
1028
1028
1028
1025
1024
1022
1019
1017
1015
1015
1012
1011
1015
1017
1023
1026
1028
1028
1027
1026
1025
1022
1020
1018
1016
1015
1015
1015
1017
1018
1019
1020
1020
1020
1020
1020
1020
1020
1020
1020
1020
1020
1020
1020
1020
1020
1020
1020
1020
1020
1020
1020
1020
1020
1020
1020
1020
1020
1020
1020
1020
1020
1020
1020
1020
1020
1020
1020
1020
1020
1020
1020
1020
1020
1020
1020
1020
1020
1020
1020
1020
1020
1020
1020
1020
1020
1020
1020
1020
1020
1020
1020
1020
1020
1020
1020
1020
1020
1020
1020
1020
1020
1020
1020
1020
1020
1020
1020
1020
1059
1058
1058
1058
1051
1047
1043
1037
1041
1039
1040
1038
1036
1038
1038
1038
1036
1034
1033
1032
1032
1031
1030
1030
1030
1030
1030
1030
1027
1027
1024
1023
1024
1024
1025
1026
1027
1028
1028
1028
1026
1025
1023
1023
1022
1022
1022
1023
1024
1024
1024
1024
1024
1023
1023
1023
1022
1022
1021
1021
1019
1018
1017
1011
1009
1008
1010
1015
1019
1022
1025
1025
1024
1022
1019
1017
1014
1011
1009
1008
1008
1009
1011
1013
1014
1015
1015
1016
1013
1015
1013
1014
1015
1016
1017
1018
1020
1021
1022
1023
1023
1023
1023
1023
1023
1023
1023
1023
1023
1023
1023
1023
1023
1023
1023
1023
1023
1023
1023
1023
1023
1023
1023
1023
1013
1013
1015
1017
1017
1017
1018
1018
1018
1018
1019
1020
1020
1020
1019
1018
1017
1016
1015
1008
1007
1009
1011
1015
1019
1022
1024
1024
1024
1024
1022
1018
1013
1009
1006
1007
1009
1011
1012
1014
1016
1017
1017
1016
1015
1013
1016
1014
1015
1017
1017
1020
1020
1021
1022
1021
1020
1020
1020
1021
1021
1021
1021
1021
1021
1021
1021
1022
1022
1021
1019
1019
1019
1019
1018
1018
1019
1019
1018
1019
1020
1021
1022
1023
1023
1022
1022
1021
1021
1021
1022
1022
1022
1021
1021
1020
1018
1017
1016
1011
1011
1011
1011
1011
1011
1011
1011
1011
1011
1011
1011
1011
1011
1011
1011
1011
1011
1011
1011
1011
1011
1011
1011
1011
1011
1011
1011
1011
1011
1011
1011
1011
1011
1011
1011
1011
1011
1011
1011
1011
1011
1011
1011
1011
1011
1011
1011
1011
1011
1011
1011
1011
1011
1011
1011
1011
1011
1011
1011
1011
1011
1011
1011
1011
1011
1011
1011
1011
1011
1011
1011
1011
1015
1014
1014
1013
1009
1011
1012
1013
1016
1019
1021
1023
1023
1022
1022
1019
1017
1016
1015
1015
1014
1014
1015
1017
1018
1019
1020
1021
1021
1020
1020
1019
1018
1017
1017
1018
1018
1019
1020
1021
1021
1019
1018
1017
1017
1016
1016
1016
1016
1016
1017
1018
1018
1018
1018
1017
1016
1016
1016
1016
1016
1017
1018
1018
1018
1018
1019
1020
1020
1020
1019
1018
1017
1016
1015
1008
1010
1013
1013
1014
1016
1020
1022
1022
1023
1023
1020
1017
1014
1013
1012
1013
1015
1015
1015
1018
1021
1022
1022
1023
1023
1023
1023
1023
1023
1023
1023
1023
1023
1023
1023
1023
1023
1023
1023
1023
1023
1023
1023
1023
1023
1023
1023
1023
1023
1023
1023
1023
1023
1023
1023
1023
1023
1023
1023
1023
1023
1023
1023
1023
1023
1023
1023
1023
1023
1023
1023
1023
1023
1023
1023
1023
1056
1056
1053
1050
1048
1044
1038
1037
1035
1032
1032
1032
1032
1031
1033
1035
1036
1037
1036
1035
1034
1032
1030
1029
1028
1027
1028
1028
1028
1028
1028
1027
1027
1026
1025
1025
1025
1025
1025
1026
1025
1024
1023
1022
1023
1022
1022
1022
1022
1022
1022
1023
1022
1023
1024
1024
1023
1023
1022
1021
1021
1019
1019
1018
1014
1017
1016
1015
1018
1021
1021
1023
1023
1020
1020
1018
1017
1016
1013
1013
1012
1011
1014
1015
1015
1018
1019
1020
1021
1021
1020
1019
1018
1016
1016
1017
1020
1017
1015
1023
1023
1023
1023
1023
1023
1023
1023
1023
1023
1023
1023
1023
1023
1023
1023
1023
1023
1023
1023
1023
1023
1023
1023
1023
1023
1023
1023
1023
1023
1023
1023
1023
1023
1023
1023
1095
1090
1084
1081
1076
1070
1067
1066
1063
1062
1053
1052
1051
1046
1047
1044
1041
1041
1042
1041
1041
1041
1040
1040
1039
1037
1034
1033
1032
1031
1032
1031
1032
1032
1031
1029
1028
1028
1027
1027
1026
1025
1024
1024
1023
1022
1023
1024
1023
1022
1022
1022
1023
1023
1024
1023
1023
1023
1022
1021
1020
1019
1018
1017
1013
1016
1017
1015
1019
1021
1020
1020
1021
1017
1016
1015
1015
1014
1015
1014
1014
1015
1014
1016
1015
1016
1018
1020
1021
1022
1023
1023
1023
1023
1022
1021
1021
1022
1022
1023
1023
1023
1023
1023
1023
1023
1023
1023
1023
1023
1023
1023
1023
1023
1023
1023
1023
1023
1023
1023
1023
1023
1023
1023
1023
1023
1023
1023
1023
1023
1023
1023
1069
1067
1064
1064
1063
1059
1056
1052
1048
1045
1043
1041
1039
1039
1037
1038
1037
1036
1034
1034
1034
1032
1031
1030
1028
1026
1026
1025
1024
1025
1025
1025
1024
1023
1022
1021
1020
1021
1021
1021
1021
1021
1022
1021
1020
1020
1020
1021
1021
1021
1022
1021
1023
1023
1022
1023
1021
1022
1021
1021
1021
1021
1020
1020
1016
1016
1018
1018
1021
1022
1022
1023
1023
1024
1024
1024
1023
1023
1021
1019
1019
1021
1021
1023
1023
1021
1021
1020
1020
1020
1021
1021
1020
1021
1020
1020
1019
1019
1019
1019
1019
1019
1019
1019
1019
1019
1019
1019
1019
1019
1019
1019
1019
1019
1019
1019
1019
1019
1019
1019
1019
1019
1019
1019
1019
1019
1019
1019
1016
1016
1016
1016
1018
1019
1020
1021
1021
1021
1020
1021
1020
1021
1021
1020
1022
1022
1021
1021
1020
1019
1021
1020
1021
1021
1021
1021
1020
1020
1019
1018
1018
1019
1018
1019
1020
1021
1021
1022
1022
1020
1021
1020
1020
1021
1021
1021
1021
1020
1019
1019
1019
1020
1020
1020
1019
1020
1019
1019
1020
1018
1019
1018
1018
1018
1019
1018
1017
1018
1014
1020
1018
1021
1020
1022
1022
1022
1021
1021
1019
1019
1018
1017
1017
1016
1018
1019
1021
1021
1022
1022
1023
1020
1020
1020
1018
1019
1018
1020
1020
1020
1020
1020
1020
1020
1020
1020
1020
1020
1020
1020
1020
1020
1020
1020
1020
1020
1020
1020
1020
1020
1020
1020
1020
1020
1020
1020
1020
1020
1020
1020
1020
1020
1020
1020
1034
1031
1030
1026
1026
1029
1028
1029
1026
1027
1027
1027
1027
1027
1027
1028
1028
1027
1027
1026
1025
1024
1024
1023
1024
1023
1024
1024
1023
1024
1022
1022
1020
1020
1018
1019
1018
1019
1019
1018
1018
1019
1019
1018
1019
1019
1017
1011
997
979
967
955
941
934
929
927
925
923
927
934
946
962
980
999
1012
1018
1020
1019
1017
1013
1008
1004
1000
999
1001
1004
1006
1008
1010
1012
1012
1011
1011
1012
1014
1015
1015
1015
1016
1017
1017
1017
1016
1016
1017
1018
1018
1018
1018
1018
1018
1018
1018
1018
1018
1018
1018
1018
1018
1018
1018
1018
1018
1018
1018
1018
1018
1018
1018
1018
1018
1018
1018
1018
1018
1018
1018
1018
1018
1018
1018
1018
1018
1018
1018
1018
1018
1018
1018
1018
1018
1018
1018
1018
1018
1018
1018
1018
1018
1018
1018
1018
1018
1018
1018
1018
1018
1018
1018
1018
1018
1018
1018
1018
1018
1018
1018
1018
1018
1018
1018
1018
1018
1018
1018
1018
1018
1018
1018
1018
1018
1018
1018
1018
1018
1018
1018
1018
1018
1018
1018
1018
1018
1018
1018
1018
1018
1018
1018
1018
1018
1018
1018
1018
1018
1018
1018
1018
1018
1018
1018
1018
1018
1018
1018
1018
1018
1018
1018
1018
1018
1018
1018
1018
1018
1018
1018
1018
1018
1018
1018
1018
1018
1018
1018
1018
1018
1018
1018
1018
1018
1018
1018
1018
1018
1018
1018
1018
1018
1018
1018
1018
1018
1018
1018
1018
1018
1018
1018
1018
1018
1018
1018
1018
1018
1018
1018
1018
1018
1018
1018
1018
1018
1018
1018
1018
1018
1018
1018
1018
1018
1018
1018
1018
1018
1018
1018
1018
1018
