1022
1022
1022
1022
1022
1022
1022
1022
1022
1022
1022
1022
1022
1022
1022
1022
1022
1022
1022
1022
1022
1022
1022
1022
1022
1022
1022
1022
1022
1022
1022
1022
1022
1022
1022
1022
1022
1022
1022
1022
1022
1022
1022
1022
1022
1022
1022
1022
1021
1021
1021
1021
1021
1021
1021
1021
1021
1021
1021
1021
1021
1021
1021
1021
1021
1021
1021
1021
1021
1021
1021
1021
1021
1021
1021
1021
1021
1021
1021
1021
1021
1021
1021
1021
1021
1021
1021
1021
1021
1021
1021
1021
1021
1021
1021
1021
1021
1021
1021
1021
1021
1021
1021
1021
1021
1021
1021
1021
1021
1021
1021
1021
1021
1021
1021
1021
1021
1021
1021
1021
1021
1021
1021
1021
1021
1021
1021
1021
1021
1021
1021
1021
1021
1021
1021
1021
1021
1021
1021
1021
1021
1021
1021
1021
1021
1021
1021
1021
1021
1021
1021
1021
1021
1021
1021
1021
1021
1021
1021
1021
1021
1021
1021
1021
1021
1021
1021
1021
1021
1021
1021
1021
1021
1021
1021
1021
1021
1021
1021
1021
1021
1021
1021
1021
1021
1021
1021
1021
1021
1021
1021
1021
1021
1021
1021
1021
1021
1021
1021
1021
1021
1021
1021
1021
1021
1021
1021
1021
1021
1021
1021
1021
1021
1021
1021
1021
1021
1021
1021
1021
1021
1021
1021
1021
1021
1021
1021
1021
1021
1021
1021
1021
1021
1021
1021
1021
1021
1021
1021
1021
1021
1021
1021
1021
1021
1021
1021
1021
1021
1021
1021
1021
1021
1021
1021
1021
1021
1021
1021
1021
1021
1021
1021
1021
1021
1021
1021
1021
1021
1021
1021
1021
1021
1021
1021
1021
1021
1021
1021
1021
1021
1021
1021
1021
1021
1021
1021
1021
1021
1021
1021
1021
1021
1021
1021
1021
1021
1021
1021
1021
1021
1021
1021
1021
1021
1021
1021
1021
1021
1021
1021
1021
1021
1021
1021
1021
1021
1021
1021
1021
1021
1021
1021
1021
1021
1021
1021
1021
1021
1021
1021
1021
1021
1021
1021
1021
1021
1021
1021
1021
1021
1021
1021
1021
1021
1021
1021
1021
1021
1021
1021
1021
1021
1021
1021
1021
1021
1021
1021
1021
1021
1021
1021
1021
1021
1021
1021
1021
1021
1021
1021
1021
1021
1021
1021
1021
1021
1021
1021
1021
1021
1021
1021
1021
1021
1021
1021
1021
1021
1021
1021
1021
1021
1021
1021
1021
1021
1021
1021
1021
1021
1021
1021
1021
1021
1021
1021
1021
1021
1021
1021
1021
1021
1021
1021
1021
1021
1021
1021
1021
1021
1021
1021
1021
1021
1021
1021
1021
1021
1021
1021
1021
1021
1021
1021
1021
1021
1021
1021
1021
1053
1051
1049
1046
1045
1043
1042
1040
1039
1038
1037
1035
1034
1033
1032
1031
1030
1029
1028
1028
1027
1027
1026
1025
1025
1025
1025
1025
1024
1024
1024
1023
1022
1022
1022
1022
1022
1022
1022
1022
1020
1021
1021
1021
1020
1019
1019
1019
1018
1019
1019
1019
1019
1019
1019
1020
1020
1020
1020
1021
1020
1020
1020
1020
1021
1020
1019
1020
1021
1020
1020
1020
1020
1020
1019
1019
1019
1019
1019
1019
1021
1019
1019
1020
1019
1019
1019
1020
1020
1020
1020
1020
1020
1021
1020
1021
1020
1022
1020
1020
1020
1020
1020
1020
1020
1020
1020
1020
1020
1020
1020
1020
1020
1020
1020
1020
1020
1020
1020
1020
1020
1020
1020
1020
1020
1020
1020
1020
1020
1020
1020
1020
1020
1020
1020
1020
1020
1020
1020
1020
1020
1020
1020
1020
1020
1020
1020
1020
1020
1020
1020
1020
993
991
994
995
997
1003
1001
1000
1001
1002
1003
1009
1010
1008
1002
1006
1005
1011
1010
1006
1008
1007
1009
1020
1019
1007
1011
1012
1012
1032
1038
1036
1039
1037
1031
1035
1030
1031
1031
1036
1037
1037
1035
1035
1038
1033
1031
1027
1025
1028
1031
1032
1033
1034
1034
1032
1030
1028
1025
1023
1021
1021
1020
1016
1016
1014
1010
1008
1011
1017
1026
1034
1042
1047
1049
1044
1038
1027
1018
1008
1005
1004
1009
1014
1021
1027
1029
1028
1025
1019
1014
1010
1009
1009
1012
1015
1018
1021
1023
1023
1023
1023
1023
1023
1023
1023
1023
1023
1023
1023
1023
1023
1023
1023
1023
1023
1023
1023
1023
1023
1023
1023
1023
1023
999
1000
1001
1001
1002
1003
1004
1005
1007
1007
1007
1007
1007
1008
1008
1009
1010
1010
1012
1012
1013
1014
1016
1016
1016
1015
1016
1016
1016
1016
1017
1017
1017
1018
1017
1018
1017
1018
1018
1018
1018
1018
1017
1018
1018
1019
1019
1020
1019
1020
1019
1019
1019
1019
1019
1019
1020
1021
1021
1024
1024
1025
1025
1025
1025
1024
1023
1021
1019
1017
1017
1010
1008
1004
1005
1000
1009
1013
1024
1031
1040
1043
1043
1038
1032
1022
1015
1008
1005
1005
1008
1012
1017
1021
1024
1024
1022
1019
1016
1013
1013
1013
1013
1013
1013
1013
1013
1013
1013
1013
1013
1013
1013
1013
1013
1013
1013
1013
1013
1013
1013
1013
1013
1013
1013
1013
1013
1013
1013
1013
1013
1013
1013
1013
1013
1013
1013
1013
1013
1013
1013
1013
1013
1013
1013
1013
1013
1013
993
994
994
996
998
999
1002
1003
1006
1007
1007
1008
1008
1008
1008
1009
1009
1011
1012
1013
1014
1013
1014
1015
1014
1014
1014
1014
1015
1016
1017
1018
1019
1021
1022
1022
1021
1020
1018
1014
1008
1002
1002
1001
1004
1009
1020
1029
1036
1040
1041
1037
1030
1023
1016
1010
1005
1004
1005
1008
1012
1017
1020
1021
1020
1017
1015
1012
1011
1011
1013
1014
1017
1018
1020
1019
1019
1017
1016
1014
1013
1013
1015
1016
1017
1019
1020
1020
1019
1017
1017
1015
1015
1014
1015
1015
1017
1017
1018
1018
1018
1018
1018
1018
1018
1018
1018
1018
1018
1018
1018
1018
1018
1018
1018
1018
1018
1018
1018
1018
1018
1018
1018
1018
1018
1018
1018
1018
1018
1018
1018
1018
1018
1018
1018
1018
1018
1018
1018
1040
1039
1038
1037
1037
1036
1034
1031
1029
1027
1024
1016
1012
1008
1007
1011
1020
1030
1038
1045
1050
1048
1041
1031
1022
1013
1006
1003
1004
1008
1013
1019
1023
1026
1024
1023
1019
1014
1011
1009
1010
1011
1014
1017
1021
1017
1020
1017
1019
1019
1020
1018
1016
1016
1016
1016
1017
1018
1019
1020
1019
1021
1020
1019
1017
1017
1018
1016
1019
1019
1022
1022
1023
1023
1023
1021
1021
1021
1022
1024
1023
1024
1022
1023
1022
1022
1023
1022
1023
1022
1022
1022
1021
1021
1021
1022
1022
1022
1023
1024
1024
1024
1024
1024
1024
1024
1024
1024
1024
1024
1024
1024
1024
1024
1024
1024
1024
1024
1024
1024
924
930
929
934
942
952
963
974
979
984
987
985
983
979
978
976
977
979
984
989
992
996
998
1001
993
998
998
998
1000
1002
1005
1008
1008
1009
1010
1008
1010
1009
1010
1009
1010
1011
1011
1013
1013
1015
1016
1015
1014
1013
1011
1010
1012
1009
1013
1012
1015
1017
1017
1019
1019
1019
1020
1018
1018
1017
1016
1016
1016
1017
1018
1018
1018
1018
1018
1018
1017
1018
1019
1019
1020
1019
1020
1019
1019
1020
1020
1019
1020
1020
1020
1020
1021
1021
1022
1023
1024
1023
1024
1024
1024
1024
1024
1024
1024
1024
1024
1024
1024
1024
1024
1024
1024
1024
1024
1024
1024
1024
1024
1024
909
907
906
907
910
917
925
936
947
957
962
967
968
969
969
969
972
974
978
982
987
992
997
1000
1001
1001
999
999
999
1000
1000
1003
1005
1007
1008
1009
1010
1010
1010
1010
1008
1009
1009
1012
1014
1016
1016
1018
1017
1016
1015
1014
1016
1016
1015
1014
1016
1013
1016
1017
1019
1021
1021
1021
1021
1018
1017
1016
1016
1017
1018
1019
1019
1019
1019
1020
1020
1022
1023
1024
1024
1023
1022
1020
1018
1014
1012
1006
1002
999
1003
1005
1014
1021
1029
1035
1037
1038
1034
1028
1028
1028
1028
1028
1028
1028
1028
1028
1028
1028
1028
1028
1028
1028
1028
1028
1028
1028
1028
1028
994
1003
1003
1007
1008
1006
1007
1005
1007
1006
1007
1009
1010
1012
1013
1014
1015
1015
1015
1014
1014
1014
1015
1015
1016
1016
1017
1018
1018
1019
1019
1019
1018
1018
1018
1017
1019
1019
1020
1021
1021
1022
1021
1021
1021
1021
1021
1021
1021
1022
1022
1023
1024
1025
1025
1025
1025
1025
1024
1022
1020
1016
1012
1006
1004
1006
1008
1017
1023
1031
1035
1035
1036
1032
1027
1019
1013
1007
1004
1004
1005
1008
1012
1016
1020
1021
1022
1020
1018
1016
1013
1011
1011
1012
1013
1015
1016
1018
1020
1020
1020
1020
1020
1020
1020
1020
1020
1020
1020
1020
1020
1020
1020
1020
1020
1020
1020
1020
1020
1020
1020
1020
1020
1020
1020
1020
1020
1020
1020
1020
1020
1020
1020
1020
1020
1020
1020
1020
1020
1020
1020
1020
1020
1020
1020
1020
1020
1020
1020
1020
1020
1020
1020
1020
1020
1020
1020
1020
1020
1020
1020
1020
1020
1020
1020
1020
1020
1020
951
953
956
961
966
972
978
981
984
985
987
988
989
989
991
993
994
996
998
999
999
1001
1003
1003
1004
1006
1006
1007
1007
1006
1006
1007
1008
1008
1009
1011
1012
1014
1014
1014
1014
1014
1014
1014
1013
1015
1015
1016
1017
1017
1017
1018
1018
1020
1020
1020
1020
1021
1018
1018
1019
1016
1018
1021
1020
1024
1024
1025
1026
1024
1023
1022
1019
1017
1014
1014
1009
1007
1006
1010
1017
1022
1029
1032
1032
1030
1027
1022
1017
1013
1010
1008
1007
1008
1011
1014
1017
1020
1022
1023
1023
1023
1023
1023
1023
1023
1023
1023
1023
1023
1023
1023
1023
1023
1023
1023
1023
1023
1023
1023
1023
1023
1023
1023
1023
1023
1023
1023
1023
1023
1023
1023
1023
1023
1023
1023
1023
1023
1023
1023
1023
1023
1023
1023
1023
1023
1023
1023
1023
1023
1023
1023
1023
1023
1023
1023
1023
1023
1023
1023
1023
1023
1023
1023
1018
1016
1014
1012
1017
1021
1022
1027
1028
1028
1027
1026
1025
1024
1022
1021
1021
1020
1020
1020
1021
1021
1022
1023
1024
1023
1022
1021
1021
1021
1021
1022
1022
1022
1022
1023
1023
1023
1023
1022
1022
1021
1021
1020
1019
1019
1019
1021
1022
1020
1019
1021
1017
1020
1020
1019
1020
1018
1018
1019
1018
1018
1018
1017
1017
1016
1017
1018
1018
1020
1020
1020
1022
1021
1021
1021
1019
1019
1018
1017
1017
1006
1007
1005
1006
1014
1021
1024
1026
1026
1025
1024
1020
1017
1016
1013
1007
1004
1005
1008
1008
1008
1008
1008
1008
1008
1008
1008
1008
1008
1008
1008
1008
1008
1008
1008
1008
1008
1008
1008
1008
1008
1008
1008
1008
1008
1008
1008
1008
1008
1008
1008
1008
1008
1008
1008
1008
1008
1008
1008
1008
1008
1008
1008
1008
1008
1008
1008
1030
1030
1029
1029
1029
1029
1029
1029
1029
1029
1028
1027
1026
1025
1024
1022
1016
1012
1014
1012
1017
1021
1026
1028
1030
1029
1027
1026
1023
1019
1016
1013
1011
1011
1012
1014
1016
1017
1018
1014
1019
1016
1016
1018
1017
1019
1019
1020
1021
1022
1022
1023
1023
1022
1021
1020
1019
1019
1018
1021
1022
1019
1021
1021
1019
1024
1025
1023
1023
1022
1021
1022
1022
1022
1023
1022
1020
1021
1021
1022
1022
1022
1022
1022
1021
1022
1022
1023
1023
1022
1022
1021
1020
1019
1018
1016
1010
1009
1012
1012
1012
1012
1012
1012
1012
1012
1012
1012
1012
1012
1012
1012
1012
1012
1012
1012
1012
1012
1012
1012
1012
1012
1012
1012
1012
1012
1012
1012
1012
1012
1012
1012
1012
1012
1012
1034
1034
1033
1033
1032
1031
1030
1030
1029
1030
1031
1029
1027
1025
1025
1024
1023
1023
1023
1023
1023
1022
1021
1022
1023
1023
1024
1024
1023
1023
1023
1023
1023
1024
1023
1023
1022
1021
1019
1017
1016
1013
1010
1013
1016
1018
1021
1023
1024
1025
1025
1024
1021
1018
1015
1012
1011
1009
1009
1011
1012
1014
1016
1018
1020
1021
1021
1021
1020
1020
1019
1019
1019
1019
1018
1018
1018
1017
1016
1017
1017
1018
1019
1021
1023
1025
1027
1028
1028
1027
1025
1024
1023
1022
1022
1023
1022
1022
1024
1025
1025
1025
1025
1025
1025
1025
1025
1025
1025
1025
1025
1025
1025
1025
1025
1025
1025
1025
1025
1025
1025
1025
1025
1025
1025
1025
1025
1025
1025
1025
1025
1025
1025
1025
1025
1025
1025
1025
1025
1025
1025
1025
1025
1025
1025
1025
1025
1025
1025
1025
1025
1025
1025
1025
1025
1025
1025
1025
1025
1025
1025
1025
1025
1025
1025
1025
1025
1025
1025
1025
1025
1025
1025
1025
1025
1025
1025
1025
1025
1025
1025
1025
1025
1025
1025
1025
1025
1025
1025
1025
1025
1025
1060
1058
1056
1055
1055
1055
1054
1051
1049
1046
1042
1038
1035
1033
1032
1032
1032
1032
1033
1035
1036
1035
1034
1033
1032
1031
1028
1027
1026
1026
1027
1027
1026
1027
1027
1027
1027
1027
1026
1025
1024
1023
1023
1022
1022
1022
1022
1023
1022
1021
1020
1019
1020
1020
1019
1019
1019
1020
1021
1021
1021
1022
1023
1023
1022
1021
1019
1017
1016
1015
1008
1011
1014
1016
1019
1021
1023
1023
1023
1023
1022
1017
1013
1015
1013
1014
1015
1015
1016
1017
1020
1021
1022
1023
1023
1024
1023
1022
1022
1021
1021
1021
1021
1021
1021
1021
1021
1021
1021
1021
1021
1021
1021
1021
1021
1021
1021
1021
1021
1021
1021
1021
1021
1021
1021
1021
1021
1021
1021
1021
1021
1021
1021
1021
1021
1021
1021
1021
1021
1021
1021
1021
1021
1021
1021
1021
1021
1021
1021
1021
1021
1021
1021
1021
1021
1021
1021
1021
1021
1021
1034
1036
1036
1037
1037
1036
1035
1033
1031
1029
1028
1031
1029
1023
1028
1030
1030
1033
1032
1025
1027
1024
1020
1022
1022
1022
1026
1029
1025
1026
1026
1022
1021
1021
1020
1020
1023
1019
1015
1018
1023
1024
1026
1026
1020
1019
1019
1015
1018
1019
1016
1017
1021
1020
1019
1019
1017
1015
1016
1017
1019
1019
1012
1014
1017
1014
1015
1016
1014
1016
1018
1019
1020
1021
1021
1022
1022
1021
1020
1020
1019
1019
1020
1020
1022
1022
1022
1021
1021
1021
1021
1021
1021
1020
1020
1021
1020
1019
1020
1021
1021
1021
1021
1021
1021
1021
1021
1021
1021
1021
1021
1021
1021
1021
1021
1021
1021
1021
1021
1021
1062
1062
1058
1055
1054
1050
1047
1044
1041
1038
1036
1035
1033
1033
1031
1032
1029
1030
1031
1031
1032
1032
1032
1031
1030
1028
1027
1026
1026
1027
1028
1029
1028
1029
1029
1030
1029
1028
1027
1026
1026
1025
1026
1025
1023
1022
1022
1024
1027
1027
1023
1022
1024
1024
1023
1024
1025
1026
1025
1024
1023
1019
1018
1016
1017
1020
1021
1023
1026
1027
1025
1024
1021
1019
1018
1017
1018
1018
1019
1019
1020
1020
1021
1019
1019
1020
1020
1020
1020
1019
1018
1018
1018
1017
1018
1019
1019
1018
1018
1017
1017
1017
1017
1017
1017
1017
1017
1017
1017
1017
1017
1017
1017
1017
1017
1017
1017
1017
1017
1017
1015
1014
1015
1015
1016
1016
1016
1015
1015
1012
1014
1014
1016
1019
1019
1019
1020
1020
1020
1021
1020
1019
1020
1018
1017
1018
1020
1020
1021
1021
1021
1020
1020
1021
1021
1021
1020
1020
1020
1020
1019
1018
1018
1018
1018
1018
1019
1019
1019
1019
1019
1018
1017
1016
1016
1016
1016
1016
1016
1017
1017
1016
1016
1015
1016
1020
1020
1022
1024
1021
1021
1023
1021
1020
1020
1020
1020
1022
1022
1024
1025
1025
1024
1023
1023
1022
1023
1021
1022
1024
1023
1022
1022
1020
1020
1021
1020
1021
1021
1022
1022
1022
1022
1022
1022
1022
1022
1022
1022
1022
1022
1022
1022
1022
1022
1022
1022
1022
1022
1022
1022
1022
1022
1022
1022
1022
1022
1022
1022
1022
1022
1022
1022
1022
1022
1022
1011
1012
1012
1012
1011
1012
1013
1010
1015
1015
1017
1017
1018
1019
1018
1018
1018
1016
1016
1016
1016
1016
1016
1017
1017
1017
1018
1018
1018
1018
1017
1017
1017
1016
1018
1017
1018
1019
1019
1019
1020
1019
1020
1021
1021
1020
1020
1020
1019
1019
1021
1020
1021
1020
1022
1020
1024
1021
1020
1018
1018
1017
1018
1018
1018
1018
1016
1019
1024
1025
1024
1023
1019
1020
1019
1020
1018
1019
1021
1022
1023
1022
1022
1021
1021
1020
1021
1021
1022
1023
1022
1022
1021
1019
1017
1017
1018
1019
1020
1021
1021
1021
1021
1021
1021
1021
1021
1021
1021
1021
1021
1021
1021
1021
1021
1021
1021
1021
1021
1021
1021
1021
1021
738
741
748
756
765
773
783
798
816
840
865
891
913
927
936
941
944
945
944
944
943
945
948
954
959
965
970
974
976
977
979
982
985
988
990
991
993
995
997
998
999
1000
1001
1003
1004
1005
1006
1007
1008
1009
1010
1010
1011
1011
1012
1013
1013
1013
1013
1013
1014
1015
1016
1016
1017
1017
1018
1018
1018
1018
1018
1019
1020
1020
1020
1020
1020
1020
1019
1019
1019
1019
1019
1019
1019
1019
1019
1019
1019
1019
1019
1019
1019
1019
1019
1019
1019
1019
1019
1019
1019
1019
1019
1019
1019
1019
1019
1019
1019
1019
1019
1019
1019
1019
1019
1019
1019
1019
1019
1019
1019
1019
1019
1019
1019
1019
1019
1019
1019
1019
1019
1019
1019
1019
1019
1019
1019
1019
1019
1019
1019
1019
1019
1019
1019
1019
1019
1019
1019
1019
1019
1019
1019
1019
1019
1019
1019
1019
1019
1019
1019
1019
1019
1019
1019
1019
1019
1019
1019
1019
1019
