1023
1023
1023
1023
1023
1024
1022
1024
1023
1023
1023
1023
1023
1023
1023
1023
1023
1023
1023
1023
1023
1023
1023
1023
1023
1023
1023
1023
1023
1023
1023
1023
1023
1023
1023
1023
1023
1023
1023
1023
1023
1023
1023
1023
1023
1023
1023
1023
1023
1023
1023
1023
1023
1023
1023
1023
1023
1023
1023
1023
1023
1023
1023
1023
1023
1023
1023
1023
1023
1023
1023
1023
1023
1023
1023
1023
1023
1023
1023
1023
1023
1023
1023
1023
1023
1023
1023
1023
1023
1023
1023
1023
1023
1023
1023
1023
1023
1023
1023
1023
1023
1023
1023
1023
1023
1023
1023
1023
1023
1023
1023
1023
1023
1023
1023
1023
1023
1023
1023
1023
1023
1023
1023
1023
1023
1023
1023
1023
1023
1023
1023
1023
1023
1023
1023
1023
1023
1023
1023
1023
1023
1023
1023
1023
1023
1023
1023
1023
1023
1023
1023
1023
1023
1023
1023
1023
1023
1023
1023
1023
1023
1023
1023
1023
1023
1023
1023
1023
1023
1023
1023
1023
1023
1023
1023
1023
1023
1023
1023
1023
1023
1023
1023
1023
1023
1023
1023
1023
1023
1023
1023
1023
1023
1023
1023
1023
1023
1023
1023
1023
1023
1023
1023
1023
1023
1023
1023
1023
1023
1023
1023
1023
1023
1023
1023
1023
1023
1023
1023
1023
1023
1023
1023
1023
1023
1023
1023
1023
1023
1023
1023
1023
1023
1023
1023
1023
1023
1023
1023
1023
1023
1023
1023
1023
1023
1023
1023
1023
1023
1023
1023
1023
1023
1023
1023
1023
1023
1023
1023
1023
1023
1023
1023
1023
1023
1023
1023
1023
1023
1023
1023
1023
1023
1023
1023
1023
1023
1023
1023
1023
1023
1023
1023
1023
1023
1023
1023
1023
1023
1023
1023
1023
1023
1023
1023
1023
1023
1023
1023
1023
1023
1023
1023
1023
1023
1023
1023
1023
1023
1023
1023
1023
1023
1023
1023
1023
1023
1023
1023
1023
1023
1023
1023
1030
1032
1030
1030
1030
1029
1029
1028
1027
1027
1027
1026
1026
1026
1026
1026
1025
1025
1024
1024
1024
1024
1024
1024
1024
1024
1023
1023
1023
1023
1023
1023
1023
1023
1023
1023
1023
1023
1023
1022
1023
1021
1021
1022
1022
1022
1022
1022
1021
1022
1022
1022
1023
1023
1023
1023
1022
1021
1021
1021
1022
1021
1021
1021
1021
1022
1021
1021
1021
1022
1021
1021
1021
1021
1022
1021
1021
1021
1021
1021
1021
1021
1021
1021
1021
1020
1019
1020
1021
1019
1019
1019
1019
1020
1020
1019
1019
1019
1021
1020
1020
1020
1020
1020
1020
1020
1020
1020
1020
1020
1020
1020
1020
1020
1020
1020
1020
1020
1020
1020
1020
1020
1020
1020
1020
1020
1020
1020
1020
1020
1020
1020
1033
1032
1031
1033
1029
1028
1028
1028
1032
1027
1025
1025
1025
1024
1027
1024
1023
1022
1023
1022
1025
1024
1022
1022
1022
1021
1026
1020
1020
1020
1020
1020
1025
1025
1024
1018
1013
1022
1019
1022
1015
1018
1018
1018
1026
1030
1003
1013
1020
1017
1042
1044
1045
1048
1041
1032
1037
1037
1040
1038
1044
1040
1041
1039
1041
1040
1039
1036
1031
1030
1033
1033
1032
1034
1037
1036
1034
1034
1032
1028
1025
1024
1022
1022
1018
1017
1013
1009
1007
1011
1017
1026
1035
1043
1047
1048
1042
1036
1025
1016
1016
1016
1016
1016
1016
1016
1016
1016
1016
1016
1016
1016
1016
1016
1016
1016
1016
1016
1016
1016
1016
1016
1016
1016
1001
1001
1003
1005
1008
1010
1011
1012
1011
1008
1011
1008
1011
1012
1014
1014
1016
1017
1017
1017
1016
1017
1016
1016
1016
1015
1015
1016
1017
1019
1019
1019
1018
1019
1018
1017
1017
1017
1017
1018
1019
1019
1020
1021
1021
1022
1021
1021
1020
1019
1020
1020
1020
1021
1021
1020
1021
1020
1021
1022
1022
1023
1022
1021
1021
1021
1021
1021
1021
1021
1022
1022
1022
1022
1022
1022
1023
1023
1024
1023
1024
1024
1024
1025
1024
1024
1023
1022
1021
1019
1018
1016
1015
1009
1007
1004
1003
1004
1011
1018
1018
1018
1018
1018
1018
1018
1018
1018
1018
1018
1018
1018
1018
1018
1018
1018
1018
1018
1018
971
971
972
975
978
981
986
989
993
995
997
997
997
997
997
999
1001
1002
1005
1006
1008
1008
1009
1009
1009
1009
1009
1010
1010
1011
1011
1012
1013
1014
1015
1016
1017
1017
1017
1018
1015
1016
1015
1017
1018
1020
1021
1022
1022
1021
1020
1019
1017
1018
1017
1018
1019
1019
1020
1020
1021
1021
1021
1021
1021
1021
1021
1022
1023
1023
1023
1022
1022
1022
1022
1021
1021
1021
1022
1022
1025
1025
1026
1027
1028
1026
1026
1023
1020
1016
1010
1004
1003
1003
1007
1008
1020
1027
1036
1039
1039
1039
1039
1039
1039
1039
1039
1039
1039
1039
1039
1039
1039
1039
1039
1039
1039
1039
1039
1039
1039
1039
1039
1039
1052
1051
1049
1047
1044
1041
1038
1036
1035
1034
1035
1034
1035
1034
1033
1032
1030
1028
1027
1026
1026
1026
1027
1026
1028
1028
1028
1028
1027
1026
1024
1023
1023
1023
1023
1023
1024
1024
1025
1025
1026
1025
1024
1023
1021
1022
1021
1021
1020
1020
1020
1018
1023
1019
1022
1023
1021
1022
1021
1021
1022
1020
1021
1022
1022
1023
1023
1025
1023
1024
1023
1022
1022
1020
1019
1017
1015
1015
1010
1006
1003
1002
1007
1015
1025
1033
1040
1045
1044
1038
1028
1020
1011
1004
1002
1003
1007
1012
1018
1022
1022
1022
1022
1022
1022
1022
1022
1022
1022
1022
1022
1022
1022
1022
1022
1022
1022
1022
1022
1022
1022
1022
1022
1022
1022
1022
1022
1022
1047
1043
1043
1040
1040
1038
1037
1037
1037
1038
1037
1037
1036
1035
1031
1030
1030
1031
1031
1031
1032
1031
1030
1029
1028
1026
1026
1025
1025
1025
1025
1024
1023
1024
1023
1024
1025
1026
1026
1026
1026
1026
1025
1024
1024
1024
1025
1025
1026
1026
1027
1027
1027
1026
1025
1024
1022
1021
1018
1016
1015
1009
1008
1009
1013
1020
1028
1033
1035
1034
1031
1026
1019
1015
1011
1011
1010
1012
1015
1017
1020
1022
1023
1017
1022
1014
1016
1014
1014
1017
1015
1020
1018
1018
1018
1018
1018
1018
1018
1018
1018
1018
1018
1018
1018
1018
1018
1018
1018
1018
1018
1018
1018
1018
1018
1018
1018
1018
1018
1018
1018
1018
1018
1018
1018
1018
1018
1018
1018
1018
1018
1018
1018
1018
1018
1018
1018
1018
1018
1018
1018
1018
1018
1018
1018
1018
1018
1018
1018
1018
1018
1018
1018
1018
1018
1018
1018
1018
1018
1018
1018
1018
1018
1018
1018
1018
1018
1018
1018
1018
1018
1018
1018
1018
1018
1018
1131
1127
1121
1110
1098
1084
1073
1063
1057
1056
1055
1058
1061
1063
1061
1058
1054
1049
1044
1039
1038
1035
1035
1035
1036
1038
1038
1038
1037
1035
1032
1029
1028
1027
1026
1027
1028
1028
1028
1028
1028
1027
1026
1025
1024
1023
1023
1024
1025
1026
1026
1026
1025
1024
1021
1020
1021
1021
1021
1017
1021
1018
1019
1021
1022
1024
1023
1023
1024
1022
1021
1021
1020
1021
1021
1022
1022
1022
1022
1023
1024
1025
1026
1026
1026
1026
1024
1023
1021
1017
1015
1012
1005
1001
1002
1006
1010
1018
1026
1033
1033
1033
1033
1033
1033
1033
1033
1033
1033
1033
1033
1033
1033
1033
1033
1033
1033
1033
1033
1033
1033
1033
1033
1033
1033
1033
1033
1033
1033
1033
1033
1033
983
985
987
989
991
994
997
1000
1002
1004
1005
1005
1005
1006
1007
1008
1009
1010
1011
1012
1014
1014
1015
1015
1015
1016
1016
1015
1015
1016
1016
1016
1017
1017
1017
1016
1016
1016
1016
1016
1017
1018
1019
1019
1020
1021
1022
1023
1023
1023
1022
1022
1019
1017
1014
1010
1004
1002
1004
1008
1016
1022
1029
1032
1033
1033
1029
1025
1018
1013
1008
1004
1004
1006
1008
1012
1015
1019
1021
1021
1020
1018
1016
1013
1011
1011
1012
1013
1015
1016
1017
1018
1018
1018
1017
1018
1016
1017
1016
1017
1017
1017
1017
1017
1017
1017
1017
1017
1017
1017
1017
1017
1017
1017
1017
1017
1017
1017
1017
1017
1017
1017
1017
1017
1017
1017
1017
1017
1017
1017
1017
1017
1017
1017
1017
1017
1017
1017
1017
1017
1017
1017
1017
1017
1017
1017
1017
1017
1017
1017
1017
1017
1017
1017
1017
1017
1017
1017
1017
1017
1017
1017
1017
1017
1017
1017
1017
1017
1017
1017
1017
1017
1017
1017
1017
1017
1017
1017
1017
1017
1017
1017
1017
1017
1017
1017
1017
1017
1017
1017
1017
1017
1017
1017
1017
1017
1017
1017
1017
1017
1017
1017
1017
1017
1017
1017
1017
1017
1017
1017
1017
1017
1017
1017
1017
1017
1017
1017
1017
1017
1017
1017
1017
1017
1017
1017
1017
1017
1017
1017
1017
1017
1017
1017
1017
999
1000
996
995
995
1000
1007
1012
1020
1023
1022
1021
1019
1016
1011
1008
1006
1004
1003
1003
1006
1009
1012
1015
1017
1018
1017
1016
1015
1013
1012
1012
1013
1015
1016
1017
1017
1017
1018
1018
1018
1018
1017
1017
1016
1017
1017
1017
1018
1018
1017
1016
1017
1018
1018
1018
1018
1018
1017
1018
1017
1017
1018
1017
1017
1018
1018
1019
1019
1019
1018
1017
1017
1017
1017
1017
1018
1020
1020
1022
1023
1025
1027
1026
1026
1024
1023
1021
1019
1018
1016
1015
1014
1011
1015
1016
1022
1025
1026
1027
1027
1027
1027
1027
1027
1027
1027
1027
1027
1027
1027
1027
1027
1027
1027
1027
1027
1027
1027
1027
1027
1027
1027
1027
1027
1027
1027
1027
1027
1027
1027
1027
1027
1027
1027
1027
1027
1027
1027
1027
1027
1027
1027
1027
1027
1027
1027
1027
1027
1027
1027
1027
1027
1027
1027
1027
1027
1027
1027
1027
1027
1027
1027
1027
1027
1027
1027
1027
1027
1027
1027
1027
1027
1027
1027
1027
1138
1137
1133
1127
1119
1114
1106
1097
1090
1083
1076
1068
1062
1060
1059
1058
1058
1056
1056
1051
1046
1044
1042
1038
1041
1041
1043
1040
1039
1039
1038
1036
1034
1034
1032
1032
1032
1032
1032
1031
1030
1031
1031
1031
1030
1028
1026
1023
1023
1022
1023
1023
1025
1026
1027
1028
1028
1027
1026
1024
1024
1022
1022
1022
1023
1024
1025
1026
1026
1026
1026
1026
1026
1024
1024
1023
1022
1021
1019
1015
1011
1012
1011
1016
1020
1024
1026
1027
1026
1025
1024
1022
1019
1016
1013
1011
1011
1012
1013
1014
1014
1014
1014
1014
1014
1014
1014
1014
1014
1014
1014
1014
1014
1014
1014
1014
1014
1014
1014
1014
1014
1014
1014
1014
1014
1014
1014
1014
1026
1027
1026
1026
1024
1024
1024
1023
1022
1022
1022
1022
1022
1022
1022
1022
1023
1024
1023
1023
1022
1021
1022
1022
1022
1022
1022
1021
1021
1020
1019
1018
1013
1010
1012
1013
1016
1020
1023
1025
1027
1028
1028
1026
1022
1018
1014
1011
1010
1010
1011
1014
1015
1017
1018
1018
1018
1017
1017
1016
1017
1016
1017
1019
1020
1021
1022
1022
1022
1022
1021
1021
1022
1023
1023
1022
1021
1020
1021
1021
1021
1022
1022
1022
1021
1020
1020
1019
1018
1018
1019
1018
1018
1019
1019
1020
1021
1022
1023
1023
1023
1023
1023
1023
1023
1023
1023
1023
1023
1023
1023
1023
1023
1023
1023
1023
1023
1023
1023
1023
1034
1034
1033
1031
1028
1024
1021
1019
1017
1016
1016
1017
1018
1019
1021
1023
1024
1024
1024
1023
1023
1023
1023
1023
1023
1022
1021
1020
1019
1018
1017
1017
1018
1019
1021
1024
1025
1025
1027
1028
1026
1025
1024
1023
1022
1022
1023
1023
1022
1023
1025
1025
1025
1026
1026
1026
1025
1025
1025
1024
1023
1023
1024
1024
1025
1025
1024
1023
1022
1022
1020
1016
1019
1018
1020
1023
1026
1028
1028
1027
1025
1023
1021
1020
1018
1017
1017
1017
1018
1019
1021
1022
1023
1023
1023
1023
1022
1021
1020
1019
1019
1019
1019
1019
1019
1019
1019
1019
1019
1019
1019
1019
1019
1019
1019
1019
1019
1019
1019
1019
1019
1019
1019
1019
1019
1019
1019
1019
1019
1019
1019
1019
1019
1019
1019
1019
1019
1019
1019
1019
1019
1019
1019
1019
1019
1019
1019
1019
1019
1019
1019
1019
1019
1019
1019
1019
1019
1019
1019
1019
1019
1019
1019
1019
1019
1019
1019
1019
1019
1019
1019
1019
1019
1019
1019
1019
1019
1019
1019
1019
1019
1019
1019
1019
1019
1019
1019
1019
1020
1020
1020
1020
1019
1019
1019
1019
1019
1019
1018
1019
1020
1020
1021
1021
1022
1022
1023
1022
1021
1020
1018
1016
1015
1009
1010
1014
1015
1016
1019
1021
1023
1022
1022
1021
1019
1014
1014
1013
1011
1012
1014
1014
1014
1018
1020
1021
1023
1023
1023
1023
1023
1022
1022
1022
1022
1023
1024
1024
1024
1023
1023
1023
1022
1021
1022
1021
1023
1023
1023
1024
1023
1022
1021
1021
1020
1020
1019
1019
1019
1019
1021
1021
1022
1023
1023
1023
1023
1023
1021
1021
1020
1018
1017
1014
1015
1015
1014
1014
1014
1014
1014
1014
1014
1014
1014
1014
1014
1014
1014
1014
1014
1014
1014
1014
1014
1014
1014
1014
1014
1014
1014
1014
1014
1014
1014
1014
1014
1014
1014
1014
1014
1014
1014
1005
1004
1004
1003
1005
1005
1009
1012
1013
1013
1013
1013
1011
1013
1012
1013
1014
1017
1014
1010
1012
1017
1018
1021
1022
1015
1013
1014
1010
1012
1014
1012
1014
1019
1017
1017
1017
1015
1012
1013
1015
1016
1016
1009
1012
1014
1011
1014
1013
1012
1013
1015
1015
1017
1017
1017
1019
1019
1018
1016
1017
1017
1017
1019
1020
1021
1021
1021
1020
1020
1019
1020
1020
1020
1020
1020
1020
1019
1019
1019
1020
1020
1019
1020
1020
1021
1021
1023
1022
1022
1022
1022
1022
1020
1019
1018
1019
1014
1017
1018
1018
1018
1018
1018
1018
1018
1018
1018
1018
1018
1018
1018
1018
1018
1018
1018
1018
1018
1018
1018
1036
1036
1036
1036
1035
1035
1034
1033
1031
1031
1031
1031
1032
1031
1031
1030
1031
1031
1030
1029
1027
1027
1026
1027
1026
1026
1025
1023
1022
1024
1027
1025
1022
1022
1024
1023
1026
1026
1026
1025
1026
1024
1020
1019
1017
1017
1019
1020
1021
1025
1027
1026
1025
1022
1020
1018
1018
1018
1018
1019
1019
1021
1022
1022
1021
1022
1022
1021
1021
1021
1019
1017
1018
1018
1017
1018
1020
1020
1019
1018
1018
1017
1016
1018
1018
1019
1019
1020
1020
1020
1020
1019
1019
1019
1020
1021
1021
1021
1023
1023
1023
1023
1023
1023
1023
1023
1023
1023
1023
1023
1023
1023
1023
1023
1023
1023
1023
1023
1023
1023
1023
1023
1023
1023
1023
1023
1023
1023
1023
1023
1023
1023
1013
1013
1015
1015
1016
1016
1016
1016
1016
1016
1015
1016
1016
1017
1017
1018
1019
1019
1019
1019
1018
1016
1016
1015
1015
1015
1017
1017
1017
1017
1014
1016
1015
1015
1020
1020
1021
1024
1021
1019
1020
1018
1019
1019
1019
1018
1019
1021
1024
1025
1025
1024
1022
1023
1022
1022
1022
1021
1024
1025
1023
1023
1022
1021
1023
1022
1023
1023
1024
1024
1023
1023
1022
1021
1020
1021
1020
1020
1021
1022
1022
1022
1022
1020
1021
1020
1020
1021
1021
1021
1021
1021
1020
1020
1019
1019
1019
1019
1018
1018
1018
1018
1018
1018
1018
1018
1018
1018
1018
1018
1018
1018
1018
1018
1018
1018
1018
1018
1018
1018
1006
1007
1006
1006
1007
1006
1007
1007
1008
1010
1011
1012
1013
1014
1015
1015
1014
1016
1014
1014
1015
1015
1016
1017
1017
1017
1018
1018
1020
1019
1019
1018
1018
1018
1017
1018
1017
1018
1017
1018
1017
1018
1019
1019
1016
1017
1014
1016
1017
1016
1015
1016
1015
1020
1023
1022
1022
1020
1018
1019
1017
1017
1017
1020
1022
1022
1022
1021
1021
1020
1019
1019
1020
1021
1024
1024
1024
1024
1022
1021
1019
1019
1020
1022
1021
1022
1021
1021
1020
1019
1019
1019
1018
1018
1019
1019
1018
1018
1018
1019
1019
1019
1019
1019
1019
1019
1019
1019
1019
1019
1019
1019
1019
1019
1019
1019
1019
1019
1019
1019
1229
1232
1232
1226
1216
1203
1190
1176
1161
1147
1133
1124
1117
1113
1108
1104
1099
1094
1089
1084
1080
1076
1073
1070
1067
1064
1061
1059
1057
1054
1052
1050
1048
1047
1045
1043
1042
1041
1040
1039
1038
1037
1036
1035
1034
1033
1032
1031
1030
1029
1029
1028
1027
1027
1027
1027
1026
1026
1025
1025
1025
1025
1025
1024
1024
1024
1024
1023
1022
1022
1022
1022
1022
1022
1022
1022
1022
1022
1022
1022
1022
1022
1022
1022
1022
1022
1022
1022
1022
1022
1022
1022
1022
1022
1022
1022
1022
1022
1022
1021
1021
1021
1021
1021
1021
1021
1021
1021
1021
1021
1021
1021
1021
1021
1021
1021
1021
1021
1021
1021
1021
1021
1021
1021
1021
1021
1021
1021
1021
1021
1021
1021
1021
1021
1021
1021
1021
1021
1021
1021
1021
1021
1021
1021
1021
1021
1021
1021
1021
1021
1021
1021
1021
1021
1021
1021
1021
1021
1021
1021
1021
1021
1021
1021
1021
1021
1021
1021
1021
1021
1021
1021
1021
1021
1021
1021
1021
1021
1021
1021
1021
1021
1021
1021
1021
1021
1021
1021
1021
1021
1021
1021
1021
1021
1021
1021
1021
1021
1021
1021
1021
1021
1021
1021
1021
1021
1021
1021
1021
1021
1021
1021
1021
1021
1021
1021
1021
1021
1021
1021
1021
1021
1021
1021
1021
1021
1021
1021
1021
1021
1021
1021
1021
1021
1021
1021
1021
1021
1021
1021
1021
1021
1021
1021
1021
1021
1021
1021
1021
1021
1021
1021
1021
1021
1021
1021
1021
1021
1021
1021
1021
1021
1021
1021
1021
1021
1021
1021
