1019
1019
1019
1019
1019
1019
1019
1019
1019
1019
1019
1019
1019
1019
1019
1019
1019
1019
1019
1019
1020
1020
1019
1020
1020
1020
1020
1020
1020
1020
1020
1020
1020
1020
1020
1020
1020
1020
1020
1020
1020
1020
1020
1020
1020
1020
1020
1020
1020
1020
1020
1020
1020
1021
1021
1021
1021
1021
1021
1021
1021
1021
1021
1021
1021
1021
1021
1021
1021
1021
1021
1021
1021
1021
1021
1021
1021
1021
1021
1021
1021
1021
1021
1021
1021
1021
1021
1021
1021
1021
1021
1021
1021
1021
1021
1021
1021
1021
1021
1021
1021
1021
1021
1021
1021
1021
1021
1021
1021
1021
1021
1021
1021
1021
1021
1021
1021
1021
1021
1021
1021
1021
1021
1021
1021
1021
1021
1021
1021
1021
1021
1021
1021
1018
1018
1018
1018
1019
1020
1020
1020
1020
1020
1020
1020
1021
1021
1021
1021
1021
1021
1021
1020
1020
1020
1020
1020
1020
1020
1020
1020
1020
1020
1020
1020
1020
1020
1020
1020
1020
1020
1020
1020
1020
1020
1020
1020
1020
1020
1020
1020
1020
1020
1020
1020
1020
1020
1020
1020
1020
1020
1020
1020
1020
1020
1020
1020
1020
1020
1020
1020
1020
1020
1020
1020
1020
1020
1020
1020
1020
1020
1020
1020
1020
1020
1020
1020
1020
1020
1020
1020
1020
1020
1020
1020
1020
1020
1020
1020
1020
1020
1020
1020
1020
1020
1020
1020
1020
1020
1020
1020
1020
1020
1020
1020
1020
1020
1020
1020
1020
1020
1020
1020
1020
1020
1020
1020
1020
1020
1020
1020
1020
1020
1020
1020
1020
1020
1020
1020
1020
1020
1020
1020
1020
1020
1020
1020
1020
1020
1020
1020
1020
1020
1020
1020
1020
1020
1020
1020
1020
1020
1020
1020
1020
1020
1020
1020
888
887
885
884
884
883
879
881
877
880
880
887
891
910
932
957
985
1011
1032
1046
1053
1052
1045
1038
1029
1021
1010
1000
991
981
973
966
959
956
956
959
965
977
992
1011
1030
1046
1058
1066
1066
1065
1056
1046
1035
1025
1015
1006
997
992
988
983
994
996
1002
1009
1018
1026
1035
1039
1041
1041
1036
1032
1026
1019
1013
1008
1006
1005
1006
1009
1013
1018
1022
1026
1029
1031
1030
1029
1026
1022
1019
1017
1015
1014
1014
1015
1018
1019
1021
1024
1028
1021
1029
1024
1024
1024
1024
1024
1024
1024
1024
1024
1024
1024
1024
1024
1024
1024
1024
1024
1024
1024
1024
1024
1022
1020
1018
1018
1017
1017
1018
1018
1018
1017
1017
1017
1017
1016
1017
1018
1019
1020
1021
1020
1019
1019
1020
1019
1019
1018
1019
1020
1020
1020
1020
1020
1021
1023
1023
1023
1023
1023
1022
1021
1020
1019
1020
1020
1019
1021
1024
1025
1024
1023
1023
1022
1024
1022
1024
1026
1026
1025
1025
1024
1021
1021
1021
1021
1022
1023
1024
1025
1024
1023
1022
1021
1019
1018
1018
1018
1019
1020
1020
1020
1021
1020
1019
1017
1020
1020
1018
1018
1018
1019
1020
1021
1021
1021
1023
1023
1021
1020
1020
1020
1020
1020
1020
1020
1020
1020
1020
1020
1020
1020
1020
1020
1020
1020
1020
1020
1020
1020
1020
1020
1020
1020
1020
1044
1039
1040
1042
1043
1039
1039
1040
1038
1035
1033
1031
1031
1031
1031
1032
1032
1033
1035
1034
1032
1027
1026
1025
1024
1022
1024
1025
1025
1024
1023
1024
1024
1024
1022
1021
1024
1025
1025
1024
1021
1019
1020
1021
1018
1015
1015
1017
1017
1017
1019
1021
1023
1025
1025
1023
1022
1021
1018
1017
1018
1017
1018
1020
1022
1024
1025
1025
1024
1023
1022
1020
1019
1018
1018
1019
1020
1021
1022
1024
1025
1025
1025
1025
1025
1025
1025
1024
1023
1022
1023
1026
1028
1029
1029
1029
1029
1029
1028
1026
1026
1026
1026
1026
1026
1026
1026
1026
1026
1026
1026
1026
1026
1026
1026
1026
1026
1026
1026
1026
1026
1026
1026
1026
1026
1026
1026
1026
1026
1026
1026
1026
1026
1026
1026
1026
1026
1026
1026
1026
1026
1026
1026
1026
1026
1026
1026
1026
1031
1025
1023
1030
1029
1025
1030
1031
1032
1031
1030
1030
1030
1029
1027
1027
1026
1024
1022
1021
1020
1019
1019
1019
1018
1017
1017
1017
1016
1015
1016
1020
1021
1022
1021
1019
1019
1018
1016
1015
1014
1015
1016
1017
1017
1020
1023
1023
1023
1024
1022
1021
1020
1020
1019
1018
1018
1019
1020
1021
1022
1022
1023
1022
1021
1021
1019
1019
1020
1020
1020
1021
1022
1022
1023
1025
1027
1028
1028
1027
1026
1026
1027
1025
1022
1019
1018
1017
1017
1018
1016
1016
1016
1019
1025
1025
1025
1025
1024
1022
1022
1022
1022
1022
1022
1022
1022
1022
1022
1022
1022
1022
1022
1022
1022
1022
1022
1022
1022
1022
1042
1042
1040
1042
1039
1036
1037
1033
1036
1034
1038
1034
1032
1034
1031
1030
1031
1029
1032
1033
1032
1032
1033
1032
1032
1030
1029
1028
1025
1023
1024
1024
1025
1023
1021
1020
1018
1016
1022
1023
1021
1022
1025
1024
1021
1018
1015
1013
1015
1017
1018
1017
1018
1021
1023
1022
1021
1020
1019
1018
1018
1017
1017
1019
1019
1020
1019
1018
1017
1017
1017
1018
1019
1020
1021
1021
1020
1020
1020
1020
1021
1022
1022
1021
1021
1021
1023
1024
1024
1024
1024
1024
1025
1024
1023
1021
1021
1021
1021
1020
1020
1020
1020
1020
1020
1020
1020
1020
1020
1020
1020
1020
1020
1020
1020
1020
1020
1020
1020
1020
1020
1020
1020
1020
1020
1020
1020
1020
1020
1020
1020
1020
1020
1020
1020
1020
1010
1010
1009
1009
1005
1005
1011
1010
1014
1017
1018
1015
1016
1017
1016
1014
1012
1011
1012
1015
1015
1017
1018
1017
1016
1016
1017
1016
1014
1013
1014
1015
1015
1021
1023
1024
1025
1025
1023
1022
1020
1017
1014
1013
1014
1015
1018
1020
1024
1024
1024
1023
1023
1022
1022
1021
1021
1021
1022
1022
1023
1023
1025
1024
1025
1025
1024
1024
1024
1024
1023
1024
1024
1024
1023
1025
1025
1026
1027
1027
1027
1027
1027
1026
1026
1025
1025
1024
1023
1022
1023
1023
1023
1023
1022
1019
1017
1013
1011
1011
1011
1011
1011
1011
1011
1011
1011
1011
1011
1011
1011
1011
1011
1011
1011
1011
1011
1011
1011
1011
1011
1011
1011
1011
1011
1011
1011
1011
1011
1011
1011
1011
1011
1011
1011
1011
1011
1011
1011
1011
1011
1011
1011
1011
1011
1011
1011
1011
1011
1011
1011
1011
1011
1011
1011
1011
1011
1011
1011
1011
1011
1011
1011
1011
1011
1011
1011
1011
1011
1011
1011
1011
1011
1011
1011
1011
1011
1011
1011
1011
1011
1011
1011
1011
963
963
964
967
972
976
981
986
991
995
999
1000
1001
1001
1002
1001
1001
1002
1003
1005
1007
1009
1010
1012
1013
1014
1014
1014
1013
1013
1013
1014
1016
1019
1020
1020
1021
1020
1020
1020
1020
1022
1022
1023
1023
1022
1021
1020
1020
1020
1019
1018
1018
1018
1018
1018
1017
1017
1016
1015
1014
1012
1010
1008
1007
1011
1016
1022
1026
1023
1023
1020
1016
1014
1011
1010
1011
1011
1013
1015
1016
1019
1020
1021
1021
1020
1020
1019
1018
1017
1017
1017
1020
1021
1020
1019
1020
1020
1023
1023
1023
1023
1023
1023
1023
1023
1023
1023
1023
1023
1023
1023
1023
1023
1023
1023
1023
1023
1023
1011
1011
1013
1012
1011
1011
1013
1014
1015
1016
1015
1014
1012
1009
1007
1004
1005
1005
1005
1007
1007
1008
1018
1022
1024
1022
1019
1016
1016
1014
1013
1013
1010
1011
1012
1013
1015
1016
1017
1018
1018
1017
1017
1017
1018
1019
1019
1020
1017
1017
1016
1013
1013
1012
1013
1013
1015
1018
1019
1021
1022
1023
1021
1020
1018
1016
1015
1014
1016
1018
1021
1023
1025
1025
1025
1023
1023
1022
1022
1022
1023
1022
1021
1020
1017
1017
1017
1017
1018
1018
1019
1019
1022
1030
1031
1034
1033
1026
1023
1016
1016
1016
1016
1016
1016
1016
1016
1016
1016
1016
1016
1016
1016
1016
1016
1016
1016
1016
1016
1016
1028
1027
1029
1029
1033
1031
1029
1027
1024
1022
1020
1020
1021
1021
1021
1022
1024
1023
1021
1022
1022
1024
1025
1026
1025
1024
1022
1021
1019
1018
1019
1018
1021
1022
1022
1023
1024
1022
1022
1021
1020
1018
1017
1016
1016
1014
1014
1014
1015
1014
1014
1015
1018
1027
1029
1029
1026
1022
1018
1014
1012
1011
1012
1013
1014
1017
1019
1022
1024
1025
1025
1024
1023
1022
1020
1019
1018
1020
1020
1023
1025
1026
1027
1026
1025
1024
1023
1024
1026
1024
1023
1023
1022
1023
1026
1026
1025
1025
1024
1022
1022
1022
1022
1022
1022
1022
1022
1022
1022
1022
1022
1022
1022
1022
1022
1022
1022
1022
1022
1022
1022
1022
1022
1022
1022
1022
1022
1022
1022
1022
1022
1022
1022
1022
1022
1022
1022
1022
1022
1022
1022
1022
1022
1022
1015
1015
1017
1020
1023
1028
1029
1030
1030
1027
1025
1022
1020
1018
1019
1020
1022
1024
1026
1027
1027
1025
1024
1023
1022
1022
1022
1023
1024
1025
1025
1025
1026
1026
1026
1025
1025
1025
1024
1024
1025
1026
1027
1026
1024
1022
1021
1020
1020
1020
1022
1024
1025
1025
1024
1022
1021
1019
1019
1017
1015
1017
1015
1015
1014
1013
1012
1011
1010
1010
1009
1012
1021
1027
1031
1031
1029
1023
1018
1013
1009
1006
1005
1007
1008
1012
1016
1022
1024
1027
1028
1027
1025
1024
1021
1019
1018
1016
1018
1018
1018
1018
1018
1018
1018
1018
1018
1018
1018
1018
1018
1018
1018
1018
1018
1018
1018
1018
1018
1018
1028
1029
1030
1030
1030
1030
1030
1031
1030
1029
1028
1027
1025
1024
1023
1024
1025
1027
1027
1027
1025
1024
1021
1019
1017
1014
1012
1012
1013
1011
1013
1012
1014
1013
1013
1013
1017
1030
1030
1033
1027
1023
1018
1012
1006
1003
1002
1004
1007
1009
1012
1018
1021
1025
1024
1023
1021
1018
1014
1009
1011
1011
1014
1016
1018
1020
1021
1022
1021
1021
1019
1019
1019
1016
1016
1015
1016
1015
1018
1018
1020
1020
1021
1020
1020
1019
1019
1018
1019
1021
1021
1022
1023
1023
1023
1023
1022
1023
1024
1024
1024
1024
1024
1024
1024
1024
1024
1024
1024
1024
1024
1024
1024
1024
1024
1024
1024
1024
1024
1024
997
998
998
996
1002
1009
1018
1024
1022
1020
1016
1013
1008
1005
1000
1002
1004
1008
1010
1015
1020
1021
1022
1023
1021
1018
1016
1013
1013
1014
1017
1018
1020
1021
1021
1021
1021
1022
1021
1022
1022
1022
1023
1023
1022
1022
1022
1022
1022
1022
1021
1021
1021
1021
1022
1023
1022
1022
1021
1020
1018
1018
1019
1019
1019
1019
1020
1020
1020
1021
1020
1020
1020
1019
1020
1019
1019
1021
1019
1020
1021
1020
1020
1020
1020
1018
1016
1016
1014
1013
1011
1010
1010
1010
1010
1012
1011
1012
1014
1018
1018
1018
1018
1018
1018
1018
1018
1018
1018
1018
1018
1018
1018
1018
1018
1018
1018
1018
1018
1018
1003
1003
1001
1003
1007
1009
1013
1014
1015
1015
1015
1014
1012
1014
1014
1015
1012
1013
1014
1009
1013
1018
1020
1026
1028
1029
1030
1027
1025
1022
1020
1018
1020
1020
1021
1020
1019
1020
1019
1019
1018
1019
1018
1017
1017
1017
1018
1019
1019
1020
1019
1017
1017
1016
1015
1015
1016
1016
1016
1017
1016
1014
1012
1011
1009
1008
1007
1008
1008
1009
1012
1011
1010
1015
1014
1029
1027
1031
1029
1024
1019
1013
1008
1004
1003
1005
1007
1014
1018
1023
1028
1029
1028
1024
1022
1019
1015
1013
1013
1013
1013
1013
1013
1013
1013
1013
1013
1013
1013
1013
1013
1013
1013
1013
1013
1013
1013
1013
1013
1013
1013
1013
1013
1013
1014
1016
1017
1019
1021
1021
1020
1019
1018
1016
1016
1015
1015
1015
1017
1017
1020
1021
1022
1021
1020
1018
1018
1015
1016
1018
1016
1018
1018
1018
1019
1018
1019
1016
1012
1015
1012
1013
1013
1014
1015
1013
1013
1016
1011
1010
1011
1010
1013
1013
1026
1032
1033
1032
1025
1018
1015
1009
1006
1002
1004
1008
1014
1020
1025
1028
1030
1028
1028
1023
1021
1016
1015
1014
1016
1019
1026
1029
1031
1031
1030
1029
1024
1021
1019
1019
1019
1021
1023
1025
1025
1026
1024
1026
1024
1025
1023
1023
1022
1022
1022
1022
1022
1022
1022
1022
1022
1022
1022
1022
1022
1022
1022
1022
1022
1022
1022
1022
1022
996
999
1001
1003
1005
1009
1008
1008
1007
1005
1004
1005
1005
1008
1009
1012
1014
1015
1016
1014
1013
1011
1009
1006
1006
1006
1005
1006
1008
1008
1009
1008
1008
1012
1014
1029
1033
1038
1032
1030
1020
1014
1005
1004
1001
1004
1007
1013
1015
1023
1026
1030
1029
1029
1026
1022
1018
1018
1016
1018
1020
1022
1026
1029
1030
1028
1029
1025
1025
1023
1023
1024
1024
1026
1027
1026
1025
1025
1025
1025
1024
1024
1024
1025
1026
1026
1026
1026
1023
1022
1021
1021
1021
1022
1021
1023
1022
1021
1021
1020
1020
1020
1020
1020
1020
1020
1020
1020
1020
1020
1020
1020
1020
1020
1020
1020
1020
1020
1020
1020
1020
1020
1020
1020
1020
1020
1020
1020
1020
1020
1020
1020
1020
1020
1020
1020
1020
1020
1020
1020
1020
1020
1020
1020
1020
1020
1020
1020
1014
1017
1018
1022
1032
1036
1035
1031
1023
1015
1009
1005
1006
1006
1010
1012
1020
1025
1029
1029
1027
1023
1020
1021
1020
1024
1020
1026
1031
1035
1045
1054
1056
1053
1052
1036
1043
1046
1047
1044
1040
1034
1034
1039
1037
1036
1034
1031
1031
1033
1032
1031
1029
1027
1027
1029
1029
1024
1021
1027
1026
1026
1025
1016
1020
1025
1023
1024
1021
1017
1022
1022
1022
1015
1019
1022
1022
1022
1014
1019
1021
1021
1021
1016
1018
1022
1022
1022
1020
1020
1022
1021
1021
1020
1019
1021
1021
1015
1021
1023
1023
1023
1023
1023
1023
1023
1023
1023
1023
1023
1023
1023
1023
1023
1023
1023
1023
1023
1023
1023
1023
1023
1023
1023
1023
1023
1023
1023
1023
1023
1023
1023
1023
1023
1023
1023
1023
1023
1023
1023
1023
1023
1023
1023
1023
1023
1023
1023
1023
1023
1023
1023
1023
1023
1023
1023
1023
1023
1023
1023
1023
1023
1023
1023
1023
1023
1023
1023
1023
1023
1023
1023
1023
1023
1023
1023
1023
1023
1023
1023
1023
1023
1023
1023
1023
1023
1023
1023
1023
1023
1023
1023
1023
1023
1023
1023
1023
1023
1023
1023
1023
1023
1023
1023
1023
1023
1023
1023
1023
1023
1023
1023
1023
1023
1023
1023
1023
1023
1023
1023
1023
1023
1023
1023
1023
1023
1023
1023
1023
1023
1023
1023
1023
1023
1023
1023
1023
1023
1023
1023
1023
1023
1023
1023
1023
1023
1023
1023
1023
1023
1023
1023
1023
1023
1023
1023
1023
1023
1023
1023
1023
1023
1023
1023
1023
1023
1023
1023
1023
1023
1023
1023
1023
1023
1023
1023
1023
1023
1023
1023
1023
1023
1023
1023
1023
1023
1023
1023
1023
1023
1023
1023
1023
1023
1023
1023
1023
1023
1023
1023
1023
1023
1023
1023
1023
1023
1023
1023
1023
1023
1023
1023
1023
1023
1023
1023
1023
1023
1023
1023
1023
1023
1023
1023
1023
1023
1023
1023
1023
1023
1023
1023
1023
1023
1023
1023
1023
1023
1023
1023
1023
1023
1023
1023
1023
1023
1023
1023
1023
1023
1023
1023
1023
1023
1023
1023
1023
1023
1023
1023
1023
1023
1023
1023
1023
1023
1023
1023
1023
1023
1023
1023
1023
1023
1023
1023
1023
1023
1023
1023
1023
1023
1023
1023
1023
1023
1023
1023
1023
1023
1023
1023
1023
1023
1023
1023
1023
1023
1023
1023
1023
1023
1023
1023
1023
1023
1023
1023
1023
1023
1023
1023
1023
1023
1023
1023
1023
1023
1023
1023
1023
1023
1023
1023
1023
1023
1023
1023
1023
1023
1023
1023
1023
1023
1023
1023
1023
1023
1023
1023
1023
1023
1023
1023
1023
1023
1023
1023
1023
1023
1023
1023
1023
1023
1023
1023
1023
1023
1023
1023
1023
1023
1023
1023
1023
1023
1023
1023
1023
1023
1023
1023
1023
1023
1023
1023
1023
1023
1023
1023
1023
1023
1023
1023
1023
1023
1023
1023
1023
1023
1023
1023
1023
1023
1023
1023
1023
1023
1023
1023
1023
1023
1023
1023
1023
1023
1023
1023
1023
1023
1023
1023
1023
1023
1023
1023
1023
1023
1023
1023
1023
1023
1023
1023
1023
1023
1023
1023
1023
1023
1023
1023
1023
1023
1023
1023
1023
1023
1023
1023
1023
1023
1023
1023
1023
1023
1023
1023
1023
1023
1023
1023
1023
1023
1023
1023
1023
1023
1023
1023
1023
1023
1023
1023
1023
1023
1023
1023
1023
1023
1023
1023
1023
1023
1023
1023
1023
1023
1023
1023
1023
1023
1023
1023
1023
1023
1023
1023
1023
1023
1023
1023
1023
1023
1023
1023
1023
1023
1023
1023
1023
1023
1023
1023
1023
1023
1023
1023
1023
1023
1023
1023
1023
1023
1023
1023
1023
1023
1023
1023
1023
1023
1023
1023
1023
1023
1023
1023
1023
1023
1023
1023
1023
1023
1023
1023
1023
1023
1023
1023
1023
1023
1023
1023
1023
1023
1023
1023
1023
1023
1023
1023
1023
1023
1023
1023
1023
1023
1023
1023
1023
1023
1023
1023
1023
1023
1023
1023
1023
1023
1023
1023
1023
1023
1023
1023
1023
1023
1023
1023
1023
1023
1023
1023
1023
1023
1023
1023
1023
1023
1023
1023
1023
1023
1023
1023
1023
1023
1023
1023
1023
1023
1023
1023
1023
1023
1023
1023
1023
1023
1023
1023
1023
1023
1023
1023
1023
1023
1023
1023
1023
1023
1023
1023
1023
1023
1023
1023
1023
1023
1023
1023
1023
1023
1023
1023
1023
1023
