1027
1026
1025
1025
1025
1024
1023
1023
1023
1023
1023
1023
1022
1022
1022
1022
1022
1022
1022
1021
1021
1021
1021
1021
1021
1021
1021
1021
1021
1021
1021
1021
1021
1021
1021
1021
1021
1021
1021
1021
1021
1021
1021
1021
1021
1021
1020
1020
1020
1020
1020
1020
1020
1020
1020
1020
1020
1020
1020
1021
1021
1021
1021
1021
1021
1021
1021
1021
1021
1021
1021
1021
1021
1021
1021
1021
1021
1021
1021
1021
1021
1021
1021
1021
1021
1021
1021
1021
1021
1021
1021
1021
1021
1021
1021
1021
1021
1021
1021
1021
1021
1021
1021
1021
1021
1021
1021
1021
1021
1021
1021
1021
1021
1021
1021
1021
1021
1021
1021
1021
1021
1021
1021
1021
1021
1021
1021
1021
1021
1021
1021
1021
1021
1021
1021
1021
1021
1021
1021
1021
1021
1021
1021
1021
1021
1021
1021
1021
1021
1021
1021
1021
1021
1021
1021
1021
1021
1021
1021
1021
1021
1021
1021
1021
1021
1021
1021
1021
1021
1021
1021
1021
1021
1021
1021
1021
1021
1021
1021
1021
1021
1021
1021
1021
1021
1021
1021
1021
1021
1021
1021
1021
1021
1021
1021
1021
1021
1021
1021
1021
1021
1021
1021
1021
1021
1021
1021
1021
1021
1021
1021
1021
1021
1021
1021
1021
1021
1021
1021
1021
1021
1021
1021
1021
1021
1021
1021
1021
1021
1021
1021
1021
1021
1021
1021
1021
1021
1021
1021
1021
1021
1021
1021
1021
1021
1021
1021
1021
1021
1021
1021
1021
1021
1021
1021
1021
1021
1021
1021
1021
1021
1021
1021
1021
1021
1021
1021
1021
1021
1021
1021
1021
1021
1021
1021
1021
1021
1021
1021
1021
1021
1021
1021
1021
1021
1021
1021
1021
1021
1021
1021
1021
1021
1021
1021
1021
1021
1021
1021
1021
1021
1021
1021
1021
1021
1021
1021
1021
1021
1021
1021
1021
1021
1021
1021
1021
1021
1021
1021
1021
1021
1021
1021
1021
1021
1021
1021
1021
1021
1021
1021
1021
1021
1021
1021
1021
1021
1021
1021
1021
1021
1021
1021
1021
1021
1021
1021
1021
1021
1021
1021
1021
1021
1021
1021
1021
1021
1021
1021
1021
1021
1021
1021
1021
1021
1021
1021
1021
1021
1021
1021
1021
1021
1021
1021
1021
1021
1021
1021
1021
1021
1021
1021
1021
1021
1021
1021
1021
1021
1021
1021
1021
1021
1021
1021
1021
1021
1021
1021
1021
885
882
885
886
882
883
882
883
879
882
880
885
894
910
937
963
990
1010
1031
1044
1049
1048
1039
1030
1024
1015
1006
996
985
978
971
964
958
951
952
955
962
971
988
1003
1021
1037
1047
1055
1058
1055
1051
1043
1032
1022
1012
1004
998
996
991
990
991
998
1006
1012
1020
1029
1032
1038
1038
1034
1033
1026
1022
1016
1010
1007
1006
1006
1009
1011
1016
1020
1024
1027
1028
1028
1028
1026
1024
1021
1018
1015
1014
1014
1015
1017
1019
1021
1024
1026
1027
1027
1028
1024
1024
1024
1024
1024
1024
1024
1024
1024
1024
1024
1024
1024
1024
1024
1024
1024
1024
1024
1024
1024
1041
1042
1041
1038
1033
1033
1030
1030
1029
1028
1027
1027
1026
1026
1025
1025
1025
1024
1024
1025
1026
1023
1022
1022
1021
1020
1020
1019
1020
1021
1021
1022
1022
1023
1024
1025
1025
1025
1024
1023
1023
1023
1022
1022
1023
1023
1024
1026
1028
1027
1025
1024
1023
1023
1023
1021
1024
1025
1026
1026
1026
1023
1022
1021
1021
1021
1022
1023
1023
1023
1022
1022
1020
1019
1016
1017
1017
1018
1018
1019
1019
1020
1020
1019
1019
1018
1019
1020
1019
1017
1017
1017
1018
1019
1020
1021
1023
1022
1022
1020
1020
1020
1020
1020
1020
1020
1020
1020
1020
1020
1020
1020
1020
1020
1020
1020
1020
1020
1020
1020
1020
1020
1020
1020
998
1000
999
1005
1010
1014
1013
1014
1016
1015
1013
1012
1011
1010
1011
1012
1014
1015
1016
1018
1020
1019
1017
1014
1013
1013
1012
1012
1013
1013
1014
1015
1016
1018
1018
1017
1017
1016
1015
1016
1017
1017
1015
1015
1015
1015
1015
1013
1014
1013
1013
1015
1019
1018
1020
1022
1020
1018
1019
1018
1016
1017
1017
1017
1018
1021
1022
1024
1024
1024
1023
1022
1020
1019
1018
1017
1017
1018
1020
1021
1023
1024
1024
1025
1026
1024
1024
1025
1026
1024
1023
1022
1024
1027
1028
1029
1030
1029
1029
1029
1029
1029
1029
1029
1029
1029
1029
1029
1029
1029
1029
1029
1029
1029
1029
1029
1029
1029
1029
1029
1029
1029
1029
1029
1025
1025
1026
1026
1028
1029
1030
1030
1028
1027
1027
1025
1024
1022
1017
1021
1023
1021
1021
1025
1027
1027
1026
1027
1026
1021
1021
1022
1022
1017
1025
1027
1023
1025
1028
1029
1029
1029
1030
1028
1027
1023
1020
1020
1019
1018
1018
1019
1018
1018
1017
1017
1016
1016
1016
1020
1021
1021
1020
1019
1018
1017
1016
1015
1015
1015
1016
1017
1018
1020
1023
1022
1022
1023
1022
1020
1019
1020
1019
1019
1019
1020
1020
1021
1022
1023
1023
1023
1022
1022
1020
1020
1021
1022
1022
1023
1024
1023
1025
1025
1025
1025
1025
1025
1025
1025
1025
1025
1025
1025
1025
1025
1025
1025
1025
1025
1025
1025
1025
1025
1025
1025
1025
1025
1025
1025
1025
1025
1025
1025
1025
1058
1057
1057
1055
1053
1052
1048
1043
1040
1037
1035
1035
1034
1034
1036
1038
1033
1033
1031
1026
1030
1026
1028
1032
1032
1028
1031
1031
1030
1028
1028
1027
1029
1028
1028
1030
1031
1030
1029
1028
1027
1023
1019
1017
1018
1020
1020
1019
1018
1017
1015
1022
1020
1018
1018
1020
1022
1021
1018
1014
1015
1016
1017
1015
1016
1018
1021
1022
1021
1021
1019
1018
1017
1016
1015
1016
1018
1019
1019
1018
1018
1018
1018
1018
1020
1021
1021
1021
1021
1020
1021
1021
1021
1021
1022
1022
1022
1022
1022
1023
1023
1023
1023
1023
1023
1023
1023
1023
1023
1023
1023
1023
1023
1023
1023
1023
1023
1023
1023
1023
1023
1023
1023
1023
1023
1023
1023
1023
1023
1023
1023
1023
1023
1023
1023
1023
1023
1023
1023
1023
1023
1023
1023
1023
1023
1023
1023
1023
1023
1023
1023
1023
1023
1023
1023
1023
1023
1023
1023
1023
1047
1045
1042
1038
1035
1033
1033
1032
1033
1034
1035
1032
1030
1029
1029
1028
1026
1025
1024
1022
1023
1023
1028
1029
1031
1030
1030
1028
1026
1023
1020
1019
1019
1019
1020
1023
1025
1026
1027
1027
1026
1026
1025
1024
1023
1023
1023
1024
1024
1025
1026
1026
1025
1026
1026
1026
1026
1026
1025
1025
1026
1025
1026
1026
1027
1028
1028
1029
1029
1027
1027
1026
1025
1024
1024
1023
1023
1023
1023
1023
1024
1023
1023
1020
1017
1014
1011
1009
1009
1010
1010
1011
1019
1023
1024
1025
1023
1022
1021
1017
1017
1017
1017
1017
1017
1017
1017
1017
1017
1017
1017
1017
1017
1017
1017
1017
1017
1017
1017
1017
1017
1017
1017
1017
1017
1017
1017
1017
1017
1017
1017
1017
1017
1017
1017
1017
1033
1035
1037
1038
1035
1034
1032
1031
1028
1026
1026
1025
1024
1025
1025
1026
1026
1026
1025
1023
1020
1017
1015
1014
1013
1012
1013
1012
1013
1018
1026
1026
1027
1023
1022
1017
1013
1011
1010
1009
1010
1012
1013
1016
1018
1020
1021
1022
1021
1020
1019
1018
1016
1016
1016
1018
1019
1021
1021
1022
1023
1022
1022
1021
1020
1019
1019
1020
1021
1022
1024
1024
1025
1025
1024
1024
1024
1024
1025
1026
1027
1026
1026
1025
1024
1022
1021
1020
1019
1019
1019
1020
1020
1020
1019
1018
1016
1015
1013
1011
1011
1011
1011
1011
1011
1011
1011
1011
1011
1011
1011
1011
1011
1011
1011
1011
1011
1011
1011
1011
1030
1029
1028
1026
1025
1024
1023
1022
1022
1025
1024
1024
1024
1020
1022
1022
1026
1027
1027
1027
1026
1025
1024
1023
1021
1021
1022
1024
1027
1028
1029
1029
1027
1025
1025
1024
1023
1022
1022
1020
1017
1017
1018
1018
1020
1021
1021
1019
1017
1015
1011
1008
1008
1006
1007
1007
1009
1010
1019
1024
1025
1024
1022
1018
1017
1015
1013
1012
1010
1012
1013
1015
1016
1017
1017
1017
1017
1017
1018
1018
1019
1021
1021
1022
1020
1020
1018
1015
1013
1013
1013
1014
1016
1018
1020
1021
1024
1023
1023
1021
1021
1021
1021
1021
1021
1021
1021
1021
1021
1021
1021
1021
1021
1021
1021
1021
1021
1021
1021
1021
1021
1021
1021
1021
1021
1021
1021
1021
1021
1021
1021
1021
1021
1021
1021
1021
969
970
972
976
979
983
992
992
993
996
998
1002
1008
1010
1010
1009
1007
1006
1005
1005
1005
1008
1009
1009
1011
1011
1013
1013
1011
1010
1010
1011
1013
1014
1015
1016
1017
1016
1017
1016
1016
1015
1016
1019
1020
1020
1018
1018
1015
1014
1014
1015
1016
1018
1018
1020
1021
1019
1019
1017
1014
1013
1012
1012
1011
1011
1011
1012
1012
1013
1012
1016
1022
1026
1029
1025
1024
1018
1015
1011
1010
1010
1011
1012
1015
1017
1020
1023
1025
1025
1025
1025
1023
1022
1020
1019
1018
1018
1019
1022
1022
1022
1022
1022
1022
1022
1022
1022
1022
1022
1022
1022
1022
1022
1022
1022
1022
1022
1022
1022
1006
1006
1008
1009
1010
1011
1012
1012
1013
1013
1013
1013
1014
1014
1016
1015
1016
1015
1015
1014
1015
1012
1015
1010
1006
1011
1009
1013
1015
1014
1013
1012
1011
1011
1021
1021
1026
1024
1019
1015
1011
1011
1007
1008
1009
1011
1014
1016
1019
1022
1022
1022
1021
1020
1019
1018
1016
1016
1017
1019
1021
1022
1022
1021
1021
1020
1019
1019
1020
1021
1021
1024
1023
1024
1024
1024
1025
1025
1026
1026
1026
1026
1026
1027
1026
1025
1024
1022
1021
1020
1022
1022
1024
1023
1024
1023
1023
1021
1018
1018
1018
1018
1018
1018
1018
1018
1018
1018
1018
1018
1018
1018
1018
1018
1018
1018
1018
1018
1018
945
945
944
944
945
948
952
958
964
971
980
985
991
993
996
995
996
994
994
991
990
991
992
996
999
1004
1007
1010
1012
1013
1013
1013
1013
1012
1011
1011
1011
1014
1013
1014
1016
1018
1020
1021
1021
1020
1021
1021
1022
1021
1020
1021
1022
1022
1022
1023
1023
1024
1023
1022
1022
1021
1021
1020
1019
1018
1017
1016
1015
1014
1012
1014
1013
1014
1013
1012
1011
1011
1010
1016
1026
1033
1031
1027
1026
1021
1015
1008
1006
1005
1007
1009
1012
1015
1020
1023
1026
1025
1025
1023
1023
1023
1023
1023
1023
1023
1023
1023
1023
1023
1023
1023
1023
1023
1023
1023
1023
1023
1023
1023
1023
1023
1023
1023
1022
1024
1022
1022
1021
1021
1020
1020
1021
1021
1022
1023
1023
1023
1022
1022
1022
1022
1024
1024
1025
1025
1025
1025
1026
1025
1025
1023
1021
1020
1018
1016
1016
1015
1014
1014
1013
1013
1013
1012
1011
1010
1008
1012
1024
1031
1032
1031
1028
1024
1017
1014
1010
1011
1009
1012
1014
1017
1020
1023
1026
1025
1025
1024
1022
1021
1019
1019
1020
1022
1023
1026
1026
1026
1024
1023
1023
1022
1023
1024
1024
1024
1024
1023
1023
1022
1022
1021
1021
1020
1020
1019
1020
1020
1021
1019
1019
1018
1016
1016
1016
1016
1016
1016
1016
1016
1016
1016
1016
1016
1016
1016
1016
1016
1016
1016
1016
1016
1016
1016
1021
1021
1022
1021
1020
1019
1018
1016
1014
1012
1011
1011
1011
1010
1013
1011
1011
1013
1018
1028
1030
1032
1027
1023
1018
1014
1011
1009
1009
1010
1012
1014
1018
1021
1023
1024
1024
1023
1021
1020
1019
1019
1017
1018
1018
1022
1023
1025
1024
1025
1023
1023
1022
1021
1020
1021
1019
1017
1020
1017
1019
1022
1024
1025
1028
1028
1029
1029
1026
1026
1023
1024
1024
1024
1024
1023
1023
1023
1023
1020
1020
1020
1019
1017
1017
1018
1018
1019
1020
1020
1018
1017
1018
1016
1015
1016
1018
1017
1018
1018
1018
1018
1018
1018
1018
1018
1018
1018
1018
1018
1018
1018
1018
1018
1018
1018
1018
1018
1018
1018
1018
1018
1018
1018
995
998
1003
1008
1014
1018
1023
1023
1022
1018
1015
1013
1009
1009
1010
1014
1016
1020
1024
1026
1029
1027
1026
1023
1020
1017
1016
1016
1016
1020
1023
1026
1029
1028
1027
1025
1022
1018
1016
1015
1015
1017
1018
1021
1022
1022
1023
1023
1021
1019
1017
1016
1016
1017
1018
1019
1021
1022
1024
1022
1023
1020
1021
1018
1019
1018
1019
1019
1022
1022
1022
1021
1019
1013
1018
1017
1014
1014
1013
1015
1012
1010
1013
1012
1008
1012
1011
1010
1014
1017
1031
1029
1031
1027
1018
1014
1009
1007
1006
1003
1003
1003
1003
1003
1003
1003
1003
1003
1003
1003
1003
1003
1003
1003
1003
1003
1003
1003
1003
1003
1005
1004
1002
1000
1001
1001
1004
1006
1009
1011
1011
1012
1011
1012
1014
1014
1014
1015
1016
1016
1015
1015
1014
1014
1014
1016
1017
1018
1019
1020
1019
1019
1018
1018
1018
1018
1016
1016
1016
1017
1018
1020
1021
1022
1021
1021
1019
1018
1015
1016
1016
1018
1017
1018
1019
1019
1020
1018
1018
1014
1013
1010
1009
1007
1007
1006
1008
1008
1007
1007
1005
1007
1012
1022
1034
1036
1033
1029
1021
1013
1004
1002
999
1001
1002
1008
1011
1019
1023
1028
1029
1030
1026
1024
1019
1017
1016
1015
1018
1019
1019
1019
1019
1019
1019
1019
1019
1019
1019
1019
1019
1019
1019
1019
1019
1019
1019
1019
1019
1019
1019
1018
1018
1018
1017
1017
1017
1018
1017
1018
1018
1020
1020
1021
1020
1019
1017
1018
1017
1018
1017
1019
1018
1019
1019
1020
1018
1019
1019
1018
1018
1018
1017
1017
1017
1017
1016
1018
1018
1019
1020
1020
1020
1018
1019
1018
1018
1017
1018
1018
1018
1018
1016
1015
1014
1013
1011
1012
1010
1010
1009
1010
1010
1011
1011
1010
1011
1015
1016
1021
1030
1036
1035
1033
1025
1018
1010
1006
1007
1006
1010
1012
1019
1023
1029
1027
1027
1021
1017
1017
1018
1017
1024
1029
1033
1044
1052
1053
1053
1053
1053
1053
1053
1053
1053
1053
1053
1053
1053
1053
1053
1053
1053
1053
1053
1053
1053
1053
1053
1040
1040
1040
1035
1032
1037
1035
1034
1033
1027
1028
1031
1029
1029
1020
1023
1028
1028
1027
1020
1023
1025
1025
1025
1017
1023
1024
1023
1023
1017
1021
1022
1023
1022
1020
1019
1022
1021
1020
1020
1020
1020
1021
1019
1020
1021
1020
1020
1021
1020
1021
1020
1020
1020
1020
1020
1019
1019
1019
1020
1020
1019
1018
1019
1020
1020
1015
1019
1020
1019
1017
1019
1021
1020
1015
1019
1019
1020
1020
1018
1019
1019
1019
1019
1012
1019
1019
1019
1015
1018
1018
1018
1019
1016
1019
1019
1019
1019
1017
1020
1020
1020
1020
1020
1020
1020
1020
1020
1020
1020
1020
1020
1020
1020
1020
1020
1020
1020
1020
1020
1020
1020
1020
1020
1020
1020
1020
1020
1020
1020
1020
1020
1020
1020
1020
1020
1020
1020
1020
1020
1020
1020
1020
1020
1020
1020
1020
1020
1020
1020
1020
1020
1020
1020
1020
1020
1020
1020
1020
1020
1020
1020
1020
1020
1020
1020
1020
1020
1020
1020
1020
1020
1020
1020
1020
1020
1020
1020
1020
1020
1020
1020
1020
1020
1020
1020
1020
1020
1020
1020
1020
1020
1020
1020
1020
1020
1020
1020
1020
1020
1020
1020
1020
1020
1020
1020
1020
1020
1020
1020
1020
1020
1020
1020
1020
1020
1020
1020
1020
1020
1020
1020
1020
1020
1020
1020
1020
1020
1020
1020
1020
1020
1020
1020
1020
1020
1020
1020
1020
1020
1020
1020
1020
1020
1020
1020
1020
1020
1020
1020
1020
1020
1020
1020
1020
1020
1020
1020
1020
1020
1020
1020
1020
1020
1020
1020
1020
1020
1020
1020
1020
1020
1020
1020
1020
1020
1020
1020
1020
1020
1020
1020
1020
1020
1020
1020
1020
1020
1020
1020
1020
1020
1020
1020
1020
1020
1020
1020
1020
1020
1020
1020
1020
1020
1020
1020
1020
1020
1020
1020
1020
1020
1020
1020
1020
1020
1020
1020
1020
1020
1020
1020
1020
1020
1020
1020
1020
1020
1020
1020
1020
1020
1020
1020
1020
1020
1020
1020
1020
1020
1020
1020
1020
1020
1020
1020
1020
1020
1020
1020
1020
1020
1020
1020
1020
1020
1020
1020
1020
1020
1020
1020
1020
1020
1020
1020
1020
1020
1020
1020
1020
1020
1020
1020
1020
1020
1020
1020
1020
1020
1020
1020
1020
1020
1020
1020
1020
1020
1020
1020
1020
1020
1020
1020
1020
1020
1020
1020
1020
1020
1020
1020
1020
1020
1020
1020
1020
1020
1020
1020
1020
1020
1020
1020
1020
1020
1020
1020
1020
1020
1020
1020
1020
1020
1020
1020
1020
1020
1020
1020
1020
1020
1020
1020
1020
1020
1020
1020
1020
1020
1020
1020
1020
1020
1020
1020
1020
1020
1020
1020
1020
1020
1020
1020
1020
1020
1020
1020
1020
1020
1020
1020
1020
1020
1020
1020
1020
1020
1020
1020
1020
1020
1020
1020
1020
1020
1020
1020
1020
1020
1020
1020
1020
1020
1020
1020
1020
1020
1020
1020
1020
1020
1020
1020
1020
1020
1020
1020
1020
1020
1020
1020
1020
1020
1020
1020
1020
1020
1020
1020
1020
1020
1020
1020
1020
1020
1020
1020
1020
1020
1020
1020
1020
1020
1020
1020
1020
1020
1020
1020
1020
1020
1020
1020
1020
1020
1020
1020
1020
1020
1020
1020
1020
1020
1020
1020
1020
1020
1020
1020
1020
1020
1020
1020
1020
1020
1020
1020
1020
1020
1020
1020
1020
1020
1020
1020
1020
1020
1020
1020
1020
1020
1020
1020
1020
1020
1020
1020
1020
1020
1020
1020
1020
