1011
1017
1015
1022
1018
1018
1018
1022
1014
1015
1025
1017
1021
1014
1022
1023
1026
1018
1015
1014
1015
1016
1019
1019
1020
1020
1021
1013
1018
1022
1021
1017
1015
1018
1019
1015
1024
1015
1019
1017
1017
1020
1021
1014
1021
1019
1020
1019
1019
1014
1018
1019
1013
1018
1018
1020
1021
1017
1021
1015
1020
1019
1016
1020
1021
1022
1019
1018
1014
1022
1020
1015
1017
1020
1016
1019
1021
1020
1020
1013
1017
1020
1020
1017
1017
1019
1016
1020
1020
1022
1024
1016
1015
1015
1011
1017
1017
1017
1017
1017
1017
1017
1017
1017
1017
1017
1017
1017
1017
1017
1017
1017
1017
1017
1017
1017
1017
1017
1017
1017
1017
1017
1017
1017
1017
1017
1017
1017
1017
1017
1017
1017
1017
1017
1017
1017
1017
1017
1017
1017
1017
1017
1017
1017
1017
1017
1017
1017
1017
1017
1017
1017
1017
1017
1017
1017
1017
1017
1017
1017
1017
1017
1017
1017
1017
1017
1017
1017
1017
1017
1017
1017
1017
1017
1017
1017
1017
1017
1017
1017
1017
1017
1017
1017
1017
1017
1017
1017
1017
1017
1017
1017
1017
1017
1017
1017
1017
1017
1017
1017
1017
1017
1017
1017
1017
1017
1017
1017
1017
1017
1017
1017
1017
1017
1017
1017
1017
1017
1017
1017
1017
1017
1017
1017
1017
1017
1017
1017
1017
1017
1017
1017
1017
1017
1017
1017
1017
1017
1017
1017
1017
1017
1017
1017
1017
1017
1017
1017
1017
1017
1017
1017
1017
1017
1017
1017
1017
1017
1017
1017
1017
1017
1017
1017
1017
1017
1017
1017
1017
1017
1017
1017
1017
1017
1017
1017
1017
1017
1017
1017
1017
1017
1017
1017
1017
1017
1017
1017
1017
1017
1017
1017
1017
1017
1017
1017
1017
1017
1017
1017
1017
1017
1017
1017
1017
1017
1017
1017
1017
1017
1017
1017
1017
1017
1017
1017
1017
1017
1017
1017
1017
1017
1017
1027
1023
1018
1022
1016
1020
1019
1018
1017
1020
1020
1019
1017
1023
1021
1019
1013
1018
1012
1017
1021
1012
1018
1016
1007
1016
1016
1025
1017
1019
1016
1025
1010
1013
1022
1016
1019
1015
1019
1013
1020
1028
1014
1019
1008
926
1247
881
1126
906
1049
1033
989
1033
1014
1019
1019
1017
1007
1015
1016
1015
1014
1013
1015
1020
1019
1017
1013
1017
1017
1016
1019
1015
1016
1019
1019
1018
1016
1017
1019
1022
1020
1017
1016
1016
1021
1016
1022
1012
1037
989
1022
1028
1006
1020
1013
1023
1008
1028
1028
1028
1028
1028
1028
1028
1028
1028
1028
1028
1028
1028
1028
1028
1028
1028
1028
1028
1028
1028
1028
1028
1028
1028
1028
1028
1028
1028
1028
1028
1028
1028
1028
1028
1028
1028
1028
1028
1028
1028
1028
1028
1028
1028
1028
1028
1028
1028
1028
1028
1028
1028
1028
1028
1028
1028
1028
1028
1028
1028
1028
1028
1028
1028
1028
1028
1028
1028
1028
1028
1028
1028
1028
1028
1028
1028
1028
1028
1028
1028
1028
1028
1028
1028
1020
1047
989
1022
1021
1015
1053
1032
959
1034
1017
1008
1055
989
1005
1009
1025
1022
1082
972
979
1025
1026
1004
1082
982
992
1005
1028
1027
1115
983
1008
984
992
1039
1008
1004
1024
1003
1013
955
1292
1096
1134
971
954
391
-310
921
957
1153
1017
1009
911
1049
1034
984
1105
1001
1069
1012
1072
1078
988
995
967
995
1051
1048
995
1060
1066
1031
1018
1022
1012
968
984
1020
988
998
976
984
969
928
968
1068
1089
1155
1160
1175
1109
1077
977
941
877
865
877
951
951
951
951
951
951
951
951
951
951
951
951
951
951
951
951
951
951
951
951
951
978
978
998
993
1034
1029
1047
1041
1029
1009
1019
960
1053
957
1019
1060
986
1034
1027
1006
1030
993
1022
998
1040
977
1029
1002
1033
1014
1028
1015
1023
1000
1030
993
1027
1008
1011
1022
1029
1019
1037
1020
1036
1020
1033
1011
1030
1007
1016
1002
1015
1020
1004
1028
1025
1037
1017
1020
1029
1009
1023
1011
1014
1019
1025
1007
1020
1035
1017
1030
1019
1029
1020
1014
1012
1023
1014
1024
1029
1029
1031
1051
1026
1021
1025
1002
1010
1011
1008
1013
997
993
1013
975
934
953
938
956
956
956
956
956
956
956
956
956
956
956
956
956
956
956
956
956
956
956
956
956
1003
985
970
969
977
989
1015
1018
1043
1042
1055
1029
1022
1015
987
995
997
1025
1011
1028
1025
1046
1033
1029
1017
1006
1012
994
1005
1001
1030
1020
1030
1002
1050
1002
1048
1010
1028
1007
1023
1002
1039
970
999
1051
1032
1034
1038
1021
1037
1015
1009
1006
1003
999
1012
1046
1015
1025
1013
1053
1013
1015
997
1024
1003
1024
997
1035
1015
1031
1006
1053
1000
1034
995
1007
1008
1025
1031
1040
1029
1031
1041
1028
1024
1020
1000
995
981
997
902
936
919
1058
946
1089
1120
1120
1120
1120
1120
1120
1120
1120
1120
1120
1120
1120
1120
1120
1120
1120
1120
1120
1120
1120
1120
996
974
983
1012
1014
1033
1053
1019
1053
1007
1026
1005
993
1011
1007
991
1019
1020
1036
1019
1043
1021
1023
1004
997
1016
1010
1015
1009
1020
1027
1022
1045
1020
1022
1013
1024
1015
1001
999
1033
1005
1036
1024
1042
1015
1042
1011
1022
1005
1006
1027
1015
1039
1013
1010
1022
1011
1010
959
1095
927
1090
1019
996
1046
1022
1030
1030
979
1042
1027
1008
1033
998
1073
1019
1030
1024
1006
1023
999
1009
984
996
1010
906
937
928
990
1089
1153
1173
1161
1137
1120
1014
960
883
901
901
901
901
901
901
901
901
901
901
901
901
901
901
901
901
901
901
901
901
901
970
1045
999
1056
995
1036
1000
1010
1007
1006
1024
1001
1026
1015
1030
988
1071
979
1063
988
1034
1001
1010
1033
1004
1046
1016
1042
1027
1044
974
1033
995
1050
1023
1050
1030
1006
1021
1007
1026
1009
1013
1035
1009
1005
1018
1010
1019
1020
1012
1034
1011
1055
1003
1037
1005
1026
1019
1021
1025
1013
1030
1029
1034
1021
1029
1023
1003
1015
1001
1011
1013
1007
1004
997
962
995
940
1021
1038
1121
1122
1115
1061
1029
1009
942
934
926
970
966
1000
1031
1047
1071
1029
1031
1019
998
998
998
998
998
998
998
998
998
998
998
998
998
998
998
998
998
998
998
998
998
998
1050
1037
983
1039
969
1033
994
991
1048
1017
999
1078
992
1015
1015
1020
1023
992
1028
1012
1010
1009
1014
1020
1035
1020
1029
1012
1009
1011
1030
1009
1008
1046
1006
1036
1004
1009
1022
1000
1024
1024
1024
1034
1033
1052
1012
1031
1039
1014
1020
1013
1012
1009
1014
1039
1011
1020
1006
1036
986
1007
991
876
960
932
984
1079
1096
1164
1145
1182
1087
1065
983
949
890
877
902
939
974
1024
1066
1100
1097
1083
1059
990
1004
952
990
973
1027
995
1048
1071
1061
1086
1037
1037
1037
1037
1037
1037
1037
1037
1037
1037
1037
1037
1037
1037
1037
1037
1037
1037
1037
1037
1037
1037
1037
1037
1037
1041
1011
998
990
998
1033
1002
1035
990
1012
1043
986
1056
1041
1027
1026
1000
1010
1001
984
1002
1027
1011
1039
1033
1024
1049
1015
1029
1006
1052
1000
1024
1022
1020
1002
1001
990
986
986
919
954
963
1004
1089
1060
1157
1119
1122
1089
1033
1001
944
922
911
899
922
971
1014
1041
1071
1090
1085
1059
1035
1006
988
959
968
971
1006
1035
1047
1046
1122
984
1109
979
1059
973
1004
1002
996
1014
1024
1028
1046
1033
1041
1018
1025
1013
1013
1009
1008
1012
1021
1016
1040
1024
1024
1024
1024
1024
1024
1024
1024
1024
1024
1024
1024
1024
1024
1024
1024
1024
1024
1024
1024
1024
1024
1024
1024
1024
1024
1024
1024
1024
1024
1024
1024
1024
1024
1024
1024
1024
1024
1024
1024
1024
1024
1024
1024
1095
1049
1032
978
962
917
921
929
933
1004
1002
1037
1073
1076
1085
1050
1003
1035
952
988
960
987
1000
1017
1057
1050
1032
1058
1011
1074
990
1002
1013
983
1024
1002
1044
1012
1044
1033
1034
1028
1027
1014
1004
1007
1010
1017
1021
1025
1012
1021
1047
1028
1012
1025
1012
1014
1019
1016
1024
1021
1024
1006
1024
1014
1017
1027
1027
1035
1027
1027
1029
1028
1032
1020
1035
1017
1017
1011
1002
999
978
999
939
966
985
1014
1069
1118
1080
1124
1038
1054
1010
981
952
951
937
954
954
954
954
954
954
954
954
954
954
954
954
954
954
954
954
954
954
954
954
954
954
954
954
954
1005
1022
1018
1013
1006
1039
1000
1044
1005
1027
1021
1017
1021
1031
999
1025
996
1027
1013
1032
1024
1021
1031
1025
1020
1029
1011
1035
1028
996
1021
1009
1017
986
1031
1029
963
1051
1046
1042
1049
1046
1047
1046
995
1008
976
1015
958
968
1036
992
894
1004
1042
1070
1143
1122
1106
1065
1005
991
978
956
925
963
975
991
993
1035
1039
1073
1052
1055
1038
1021
988
1010
988
972
993
1040
1002
1059
1020
1029
1029
1027
1006
1000
1000
1026
997
1017
1005
1039
1020
1031
1039
1025
1025
1025
1025
1025
1025
1025
1025
1025
1025
1025
1025
1025
1025
1025
1025
1025
1025
1025
1025
1025
1025
1025
1025
1025
1039
1027
1024
1026
1016
1079
1033
1054
1068
1017
1013
999
992
990
988
993
1000
1000
991
949
1072
1049
1086
1079
1051
1029
1007
1003
1034
986
993
1000
1004
1008
1008
1008
1037
1022
1036
1026
1036
1013
1008
1006
1007
1024
1013
1020
1027
1020
1019
1012
1020
1020
1020
1003
1024
1011
1002
1029
1009
1028
1054
944
1038
1057
966
1044
1035
1004
1001
1040
999
1034
1018
1014
989
1021
1025
979
1043
1029
1029
1011
1046
1028
1018
1017
999
1038
1008
996
1014
997
997
1006
1040
979
890
1030
1030
1030
1030
1030
1030
1030
1030
1030
1030
1030
1030
1030
1030
1030
1030
1030
1030
1030
1030
1030
1030
1030
1030
1030
992
1003
1082
1061
1044
979
1047
1024
1002
994
1026
1020
1015
1029
1020
1023
1033
1030
1025
1039
1024
1023
981
993
988
991
1020
1028
1031
1054
1047
1035
1044
1030
1023
1006
1002
993
996
993
1021
1024
1047
1044
1030
1040
1019
1018
1017
1018
1006
1007
1011
1002
1004
1008
1011
1001
921
986
1041
1049
1086
1076
1061
1038
1012
1015
989
992
989
982
974
982
1009
1004
1016
1033
1035
1027
1014
1020
1019
999
1036
978
1078
992
1037
1032
1024
1042
1020
1029
1028
1029
1015
992
1030
1015
1015
1015
1015
1015
1015
1015
1015
1015
1015
1015
1015
1015
1015
1015
1015
1015
1015
1015
1015
1015
1015
1015
1015
1015
1015
1015
1015
1015
1029
1025
1035
1019
1010
1009
1002
983
997
1011
994
932
979
1042
1051
1079
1078
1055
1040
1026
1019
1007
986
972
952
976
967
999
1030
1030
1049
1022
1027
1023
1030
998
1001
1009
1008
1030
1033
1013
1048
1024
1013
1022
1009
1006
1009
1029
1048
1029
1043
1019
1022
1020
1016
1007
1028
1017
979
1011
1006
1002
1022
1002
1031
1024
1031
1019
1026
1018
1008
1018
1014
1028
1016
1001
1024
1006
1031
1037
1027
1012
1031
1016
999
983
981
996
983
967
1012
1050
1076
1058
1067
1043
1036
1036
1036
1036
1036
1036
1036
1036
1036
1036
1036
1036
1036
1036
1036
1036
1036
1036
1036
1036
1036
1036
1036
1036
1036
1036
1036
1036
1036
1036
1036
1036
1036
1036
1036
1036
1036
1036
1036
1036
1036
1036
1036
1036
1036
1036
1036
1036
1036
1036
1036
1036
1036
1036
1036
1036
1036
1036
1036
1036
1036
1036
1036
1036
1036
1016
1002
1011
1003
994
987
960
1051
1036
1050
1062
1049
1045
1018
1016
1002
990
980
996
999
1001
1001
1019
1023
1033
1034
1028
1027
1026
1021
1022
1012
1005
1001
997
1010
1024
1026
1020
1031
1028
1025
1011
1002
1004
1022
1010
999
1024
1020
1021
1019
1028
1015
1019
1012
1023
1003
1017
1008
1010
997
1019
1019
1024
1039
1032
1024
1035
1038
1021
1010
1010
993
987
990
1004
923
992
1065
1040
1038
1060
1058
1010
1045
1040
985
992
977
981
981
1006
1038
1045
1028
1010
1043
1039
1033
1033
1033
1033
1033
1033
1033
1033
1033
1033
1033
1033
1033
1033
1033
1033
1033
1033
1033
1033
1033
1033
1033
1033
1033
1033
1033
1033
1033
1033
1033
1033
1033
1004
1007
1009
1007
1026
1027
1028
1028
1041
1024
1032
1018
995
1004
987
993
999
946
957
1065
1043
1047
1071
1049
1044
1027
1020
1025
985
948
978
1004
984
1046
1039
1008
1026
1044
1058
1050
1028
1035
1016
1035
999
1006
1015
1005
1019
1036
1034
1037
1027
1019
1032
998
1014
1008
995
1009
1024
1029
1017
1033
1023
1017
1029
1015
1008
1017
1012
998
1020
1000
1017
1030
1022
1039
1035
1030
1028
1020
1017
1006
1013
990
1005
1002
968
1044
971
1030
1064
1043
1026
1052
1001
975
1031
976
976
976
976
976
976
976
976
976
976
976
976
976
976
976
976
976
976
976
976
976
976
976
976
976
1061
1054
997
943
1035
945
1012
1020
1011
1058
1085
1038
1014
1025
1001
993
999
1017
1004
1029
1053
949
986
1113
1058
1052
1033
946
954
1024
1013
981
999
1053
998
997
1056
1026
993
1037
992
972
1046
1033
1049
1005
934
998
1031
995
975
1063
999
1019
1062
1038
1025
1064
1009
1032
1031
986
1013
997
1009
1020
1033
1048
1054
1028
997
1013
1004
1009
1009
1021
1015
1026
1031
1002
1026
1008
1026
1010
1020
1003
1011
1015
1026
1037
1030
1021
1026
1036
997
1023
1004
992
990
1019
1019
1019
1019
1019
1019
1019
1019
1019
1019
1019
1019
1019
1019
1019
1019
1019
1019
1019
1019
1019
1019
1019
1019
1019
1019
1019
1019
1019
1019
1019
1019
1019
1019
1019
1019
1019
1019
1019
1019
1019
1019
1019
1019
1019
1019
1019
1019
1019
1019
1019
1019
1019
1019
1019
1019
1019
1019
1019
1019
1019
1019
1019
1019
1019
1019
1019
1019
1019
971
1042
1056
1015
1051
1089
1031
995
1006
985
990
988
1010
1019
1012
1011
1048
1037
998
1044
1018
1007
1020
1004
1003
988
1008
1018
1012
1015
1009
1031
1035
1013
1013
998
1006
1013
1014
995
1030
1026
1018
1030
1022
1028
1003
1030
1018
1040
1008
1026
1033
1043
1006
1004
1027
1004
1008
1025
1031
1008
1015
1014
1006
960
1004
1059
999
1074
1050
1014
1029
1018
1012
1036
1010
997
1021
999
995
1016
1049
1032
1034
1035
1008
1001
1003
1022
1024
1026
1017
1002
1011
1015
1024
1004
1019
1019
1019
1019
1019
1019
1019
1019
1019
1019
1019
1019
1019
1019
1019
1019
1019
1019
1019
1019
1019
1019
1019
1019
1019
1019
1019
1019
1019
1019
1019
1019
1019
1019
1019
1019
1019
1019
1019
1019
1019
1019
1019
1019
1019
1019
1019
1019
1019
1019
1019
1019
1019
1019
1019
1019
1019
1019
1019
1019
1019
1019
1019
1019
1019
1019
1019
1019
1019
1019
1019
1019
1019
1019
1019
1019
1019
1019
1019
1019
1019
1019
1019
1019
1019
1019
1019
1019
1019
1019
1019
1019
1019
1019
1019
1019
1019
1019
1019
1019
1019
1019
1019
1019
1019
1019
1019
1019
1019
1019
1019
1019
1019
1019
1019
1019
1019
1019
1019
1019
1019
1019
1019
1019
1019
991
1033
1028
980
1052
1002
1034
1019
1018
1029
1031
1013
1026
1020
1010
1017
990
1040
985
1025
1029
1010
1024
1001
1040
986
1093
981
963
1033
984
1008
1028
1011
1018
1034
1033
965
1032
1037
1039
1060
1012
999
1015
995
1035
968
1040
1020
1048
1023
1019
1025
1001
1009
1020
1027
1039
1026
1016
1024
1007
1002
988
1006
1002
1037
1036
1027
1025
1000
1042
993
1024
998
997
1016
1017
1035
1013
1026
988
1023
1031
1011
1012
1011
1038
1029
1020
958
933
821
749
739
768
742
798
874
874
874
874
874
874
874
874
874
874
874
874
874
874
874
874
874
874
874
874
874
1044
1036
1046
1038
1029
1001
998
1009
1020
1028
1022
1014
1010
1023
1017
1019
1013
1009
1009
1022
1026
1027
1009
1015
1019
1027
1020
1006
1017
1017
1026
1028
1018
1015
1016
1021
1020
1019
1013
1012
1025
1024
1014
1016
1011
1020
1020
1015
1017
1021
1020
1020
1021
1022
1016
1020
1013
1016
1015
1021
1025
1017
1022
1019
1013
1016
1021
1018
1020
1023
1024
1018
1016
1016
1011
1019
1020
1015
1020
1015
1022
1016
1020
1016
1020
1020
1021
1020
1019
1020
1015
1017
1015
1020
1014
1015
1018
1022
1020
1018
1018
1018
1018
1018
1018
1018
1018
1018
1018
1018
1018
1018
1018
1018
1018
1018
1018
1018
1018
1018
1018
1018
1018
1018
1018
1018
1018
1018
1018
1018
1018
1018
1018
1018
1018
1018
1018
1018
1018
1018
1018
1018
1018
1018
1018
1018
1018
1018
1018
1018
1018
1018
1018
1018
1018
1018
1018
1018
1018
1018
1018
1018
1018
1018
1018
1018
1018
1018
1018
1018
1018
1018
1018
1018
1018
1018
1018
1018
1018
1018
1018
1018
1018
1018
1018
1018
1018
1018
1018
1018
1018
1018
1018
1018
1018
1018
1018
