1026
1018
1025
1021
1018
1020
1022
1020
1021
1017
1017
1018
1019
1019
1015
1014
1024
1020
1017
1020
1015
1019
1014
1026
1019
1022
1020
1023
1024
1022
1018
1020
1020
1019
1017
1025
1022
1020
1022
1020
1023
1018
1018
1016
1019
1018
1024
1014
1018
1017
1020
1020
1020
1016
1016
1014
1020
1019
1017
1019
1020
1021
1014
1022
1022
1022
1022
1022
1016
1019
1022
1015
1016
1017
1020
1016
1015
1020
1011
1021
1017
1016
1020
1021
1017
1020
1017
1017
1014
1021
1024
1019
1017
1016
1013
1013
1013
1013
1013
1013
1013
1013
1013
1013
1013
1013
1013
1013
1013
1013
1013
1013
1013
1013
1013
1013
1013
1013
1013
1013
1013
1013
1013
1013
1013
1013
1013
1013
1013
1013
1013
1013
1013
1013
1013
1013
1013
1013
1013
1013
1013
1013
1013
1013
1013
1013
1013
1013
1013
1013
1013
1013
1013
1013
1013
1013
1013
1013
1013
1013
1013
1013
1013
1013
1013
1013
1013
1013
1013
1013
1013
1013
1013
1013
1013
1013
1013
1013
1013
1013
1013
1013
1013
1013
1013
1013
1013
1013
1013
1013
1013
1013
1013
1013
1013
1013
1013
1013
1013
1013
1013
1013
1013
1013
1013
1013
1013
1013
1013
1013
1013
1013
1013
1013
1013
1013
1013
1013
1013
1013
1013
1013
1013
1013
1013
1013
1013
1013
1013
1013
1013
1013
1013
1013
1013
1013
1013
1013
1013
1013
1013
1013
1013
1013
1013
1013
1013
1013
1013
1013
1013
1013
1013
1013
1013
1013
1013
1013
1013
1013
1013
1013
1013
1013
1013
1013
1013
1013
1013
1013
1013
1013
1013
1013
1013
1013
1013
1013
1013
1013
1013
1013
1013
1013
1013
1013
1013
1013
1013
1013
1013
1013
1013
1013
1013
1013
1013
1013
1013
1013
1013
1013
1013
1013
1013
1013
1013
1013
1013
1013
1013
1013
1013
1013
1013
1013
1013
1013
1013
1013
1013
1013
1013
1013
1013
1013
1013
1013
1013
1013
1013
1013
1013
1013
1013
1013
1013
1013
1013
1013
1013
1013
1013
1013
1013
1013
1013
1013
1013
1013
1013
1013
1013
1013
1013
1013
1013
1013
1013
1013
1013
1013
1013
1013
1013
1013
1013
1013
1013
1013
1013
1013
1013
1013
1013
1013
1013
1013
1013
1013
1013
1013
1013
1013
1013
1013
1013
1013
1013
1013
1013
1013
1013
1013
454
850
949
779
943
866
844
880
900
979
1114
1230
1318
1469
1373
1335
1264
1142
1091
1017
899
871
909
881
850
865
832
845
852
903
885
948
930
1059
1031
1183
1189
1285
1251
1264
1210
1133
1062
987
949
910
953
810
885
902
906
940
974
976
991
1071
1140
1163
1124
1131
1109
1056
1044
996
946
971
901
944
936
951
990
1020
1039
1066
1072
1091
1077
1069
1052
1007
1016
983
998
971
980
985
989
1014
1048
1048
1045
1050
1036
1040
1018
1021
993
1026
1035
910
910
910
910
910
910
910
910
910
910
910
910
910
910
910
910
910
910
910
910
910
910
910
910
910
910
910
910
910
910
910
910
910
910
910
910
910
910
910
910
910
910
910
910
910
910
910
910
910
910
910
910
910
910
910
910
910
910
910
910
910
910
910
910
910
910
910
910
910
910
910
910
910
910
910
910
910
910
910
910
910
910
910
910
910
910
910
910
910
910
910
910
503
977
1008
1010
1014
1023
1029
1034
1023
1025
1012
1014
981
1034
1029
1028
994
1005
1009
1033
1039
1042
1027
1023
1065
1017
994
1006
1046
996
993
982
1013
1039
1056
1048
1004
1013
1014
1047
1048
1023
1025
1020
1016
966
1012
1073
1025
978
1023
1032
1004
998
1031
1028
1034
1044
1035
1020
1026
1001
1002
992
1012
1008
1032
1043
1049
1012
1046
1050
1013
997
967
989
1028
1016
1007
1020
1024
1061
992
996
1015
1041
1020
988
1022
1037
1023
1027
1022
1001
1007
1028
1023
981
991
1007
1007
1007
1007
1007
1007
1007
1007
1007
1007
1007
1007
1007
1007
1007
1007
1007
1007
1007
1007
1007
498
1015
1010
993
991
1026
1000
1026
1024
1033
1030
1032
1025
1027
1046
1028
1007
1031
1025
1038
1020
1004
990
1036
1083
1039
1043
1025
1040
1028
1039
1019
986
983
978
1002
969
1008
1014
1028
996
1013
1018
1025
1022
1032
1025
1101
1021
1000
997
983
977
999
999
986
1030
1014
1038
1037
1053
1040
1046
1022
997
1019
1025
991
1006
967
987
1070
1050
989
1028
1092
1043
1009
1024
1052
967
912
1039
1125
985
969
1108
1068
1037
1020
1035
1010
1033
1009
1012
1012
1028
1028
987
994
994
994
994
994
994
994
994
994
994
994
994
994
994
994
994
994
994
994
994
994
994
994
994
994
994
994
994
994
994
994
994
994
994
994
994
994
994
994
994
994
994
994
994
994
994
994
994
994
994
994
994
994
994
994
994
994
518
1035
1039
1025
998
1021
1023
1027
996
960
973
1014
1006
992
1010
998
1015
1030
1075
1095
1028
1009
1032
1003
1003
977
962
963
995
1028
1036
1055
1065
1045
1048
1020
1037
1024
973
968
995
981
1017
1029
1021
1043
1074
1081
931
1076
956
970
1053
972
1034
1128
1026
989
1050
1038
1012
1006
1002
1030
1058
998
1022
1085
1061
1019
999
1021
1007
964
950
970
1025
1058
1024
1006
1005
999
993
1164
985
1003
1004
1019
1006
999
993
1010
982
1001
1033
1041
1029
1035
1048
1032
1032
1032
1032
1032
1032
1032
1032
1032
1032
1032
1032
1032
1032
1032
1032
1032
1032
1032
1032
1032
1032
1032
1032
1032
1032
1032
1032
1032
1032
1032
1032
1032
1032
1032
1032
1032
1032
1032
1032
1032
1032
1032
1032
1032
1032
1032
1032
1032
1032
1032
1032
1032
1032
1032
1032
1032
1032
1032
1032
1032
1032
1032
1032
1032
1032
1032
1032
1032
1032
1032
1032
1032
1032
1032
1032
1032
1032
1032
1032
1032
496
947
1031
991
932
1104
983
1069
1110
1039
973
1047
1015
978
983
977
991
1020
1038
1012
1073
1045
1028
1000
1000
1001
1010
992
1005
1001
1018
1020
1004
1023
1142
1042
1043
1061
1001
996
987
977
984
973
1008
1037
1042
1074
1057
1048
1042
1024
1004
1018
1007
1002
1016
1024
1025
1050
1029
1032
1033
1031
1014
1026
1021
1000
1033
1016
1029
1033
1038
1000
1025
1023
1028
1027
1046
1035
1037
1016
1023
1014
1029
1007
1011
1012
1012
1012
1027
1031
1035
1027
1003
1017
978
965
974
973
973
973
973
973
973
973
973
973
973
973
973
973
973
973
973
973
973
973
973
973
973
973
973
973
973
973
973
497
1005
1015
1012
1032
1055
1061
1029
1048
1036
1006
994
984
997
1005
1015
1036
1014
1031
1059
1053
1053
1065
1056
997
990
1014
1026
1015
997
975
997
1014
994
1028
1021
1054
1030
1038
1010
1007
960
956
988
990
996
1010
1015
1004
1075
1131
1090
1056
973
991
959
958
968
991
998
1005
1043
1048
1068
1063
1051
1049
1038
1016
998
994
987
981
1004
1024
1037
1049
1045
1043
1039
1013
1005
1020
997
1011
1004
1025
1027
1025
1062
1063
1046
1038
1032
995
1013
1009
1013
1026
1043
1043
1043
1043
1043
1043
1043
1043
1043
1043
1043
1043
1043
1043
1043
1043
1043
1043
1043
1043
1043
1043
1043
1043
1043
1043
1043
1043
1043
1043
1043
1043
1043
516
994
1032
1032
1035
1062
1058
1070
1038
1002
1001
1005
990
990
1015
1030
1018
1044
1023
1055
1018
988
991
1002
1012
1066
1062
1059
1010
1042
988
1003
989
994
1015
1068
1079
1028
1049
1041
1030
996
1007
1019
1004
1024
1012
1019
1003
985
1007
1005
1048
1031
1031
1020
988
971
985
968
974
1007
998
1034
1014
1008
1025
1159
1065
1055
995
982
982
1009
973
966
996
984
1019
1022
1033
1032
1040
1014
1024
1005
1019
1024
1044
1052
1047
1021
1024
1013
985
978
980
978
995
1016
1016
1016
1016
1016
1016
1016
1016
1016
1016
1016
1016
1016
1016
1016
1016
1016
1016
1016
1016
1016
502
1006
1000
999
1015
1017
1006
1004
1016
1002
1024
1022
1023
1024
1027
996
998
1117
1147
1048
1051
980
936
966
939
975
990
1004
1055
1049
1049
1091
982
1059
980
1012
1091
1101
1076
993
992
973
995
979
996
991
1060
1039
1024
1026
1022
1036
996
977
1003
994
1042
1048
1035
1031
1029
1002
1003
989
1019
1014
1031
1049
1034
1027
986
986
1010
1004
1020
1030
1027
1049
1025
1011
1036
1001
1014
1021
988
1013
1005
995
1010
993
996
1016
1009
1006
1000
1019
1057
1107
1121
1052
1052
1052
1052
1052
1052
1052
1052
1052
1052
1052
1052
1052
1052
1052
1052
1052
1052
1052
1052
1052
488
1003
1035
1026
1060
1048
1056
1018
1042
998
990
1039
1023
1004
1021
996
1022
1025
1064
1034
1032
1002
1013
1009
979
982
1001
1025
1022
1029
1044
1044
989
1038
975
987
1008
1015
1035
1038
1055
1028
1030
1013
967
1054
884
970
1030
963
1072
1061
1009
987
1037
991
997
986
1015
1176
1050
1083
993
970
945
954
965
982
1012
1010
1036
1045
1089
1058
1036
1075
984
1010
1010
998
979
1000
1006
1024
1022
1043
1051
1051
1040
1017
1019
1013
1005
996
1005
1027
1025
1037
1024
1039
1039
1039
1039
1039
1039
1039
1039
1039
1039
1039
1039
1039
1039
1039
1039
1039
1039
1039
1039
1039
1039
1039
1039
1039
1039
1039
1039
1039
1039
1039
1039
1039
1039
1039
1039
1039
488
1014
1006
1029
1056
1218
1043
1063
983
956
932
939
945
942
1016
1043
1046
1062
1094
1057
1069
1028
1028
1014
990
1004
982
995
1001
1027
1007
1044
1020
1048
1032
1024
1041
1029
1031
1035
1025
1005
1002
1011
1016
1016
1035
1054
1047
1008
1057
1009
1060
1006
1007
1004
1007
1041
1036
1027
1038
1023
1044
997
1007
1014
999
1018
1007
1035
1024
1027
1026
1019
992
985
978
979
968
1015
1011
1000
1011
1006
1016
999
1021
1095
1183
1127
1061
927
973
939
947
902
953
1001
1043
1043
1043
1043
1043
1043
1043
1043
1043
1043
1043
1043
1043
1043
1043
1043
1043
1043
1043
1043
1043
499
1005
975
1008
1020
1021
1024
1027
1010
1034
1042
1010
1022
1025
1033
1010
1025
1017
1015
1028
1016
1021
1019
1043
1010
1025
1020
1028
1011
1033
1015
1051
1031
1052
1023
1011
1035
1022
1003
998
1006
990
1008
1007
1008
1004
1017
990
1003
1000
1005
1005
1003
983
1000
973
1007
1075
1217
1070
1134
959
987
896
964
925
979
968
1032
1044
1072
1057
1094
1076
1048
1043
990
1004
979
955
976
1027
1028
1065
1046
1071
1025
1001
993
1015
994
1020
1004
1031
999
1038
1031
1046
1028
1027
1027
1027
1027
1027
1027
1027
1027
1027
1027
1027
1027
1027
1027
1027
1027
1027
1027
1027
1027
1027
471
1013
1031
1009
1037
1041
1023
1025
1016
1023
997
999
1003
1023
991
1038
1010
1030
985
1012
994
974
993
987
983
1014
1002
1014
1018
984
1015
1066
1178
1036
1174
973
977
927
953
939
966
980
1019
1033
1020
1073
1039
1066
1057
1064
1034
999
1024
966
1007
994
1027
1025
1051
1064
1053
1072
1017
1011
986
1013
981
1025
1017
1029
995
988
1067
1071
954
1083
1071
1033
1065
1020
1026
1042
989
982
1013
1018
1007
1028
1005
1012
1035
1016
1020
997
1006
1031
1011
995
1010
1052
1052
1052
1052
1052
1052
1052
1052
1052
1052
1052
1052
1052
1052
1052
1052
1052
1052
1052
1052
1052
1052
1052
1052
1052
492
999
1042
1030
1283
989
1116
935
990
928
953
917
961
952
1047
1041
1107
1070
1096
1063
1047
1044
993
958
974
919
1028
1008
1107
1034
1079
1015
1052
998
1049
985
1007
980
1053
997
1061
1014
1030
1015
1000
1024
1037
1020
1030
1026
1018
1016
1010
1012
1014
1003
1029
1024
1028
1004
1039
1018
1000
1029
1014
1008
994
1038
1027
1020
1003
1018
1013
1008
1007
1032
1006
1016
1045
1000
1027
1026
962
1059
976
1003
1055
1003
1053
990
1000
983
984
985
995
970
1066
994
1006
1046
1046
1046
1046
1046
1046
1046
1046
1046
1046
1046
1046
1046
1046
1046
1046
1046
1046
1046
1046
1046
515
1004
962
982
984
1007
1030
1052
1064
1082
1069
1021
994
997
1001
992
996
1019
1014
1063
1031
1050
1039
1026
998
1005
997
1016
1038
1012
1046
1021
1031
1008
1042
983
1032
984
1001
998
1031
1018
1025
1051
1018
1040
1007
1025
1011
1008
1006
1002
1009
992
1033
1025
1027
1061
1015
1026
1001
1009
1000
1003
1021
1032
1028
1034
1033
1023
1007
998
995
979
986
967
1004
994
996
1006
1035
999
1029
1002
1009
1084
1028
1237
1102
1087
931
992
894
929
871
978
976
1030
1050
1076
1076
1076
1076
1076
1076
1076
1076
1076
1076
1076
1076
1076
1076
1076
1076
1076
1076
1076
1076
1076
1076
1076
1076
494
1036
1072
1014
1044
994
1045
997
1020
1005
1029
1011
1038
1016
1011
1012
1009
1021
1010
1031
1020
1047
1035
1020
1002
1024
984
1030
985
1037
985
1038
1012
1030
1018
1029
1000
1015
1034
1013
1026
1023
1028
1013
1025
1005
1008
1026
1008
1029
1037
1024
1023
1024
1026
1006
1016
1018
1009
1039
991
993
994
1001
997
1004
999
994
1003
1003
1015
1012
1021
1015
1007
1005
1019
1087
1030
1129
1151
1059
1014
955
913
902
917
947
1030
984
1075
1041
1138
1130
1100
1017
1003
964
997
1012
1012
1012
1012
1012
1012
1012
1012
1012
1012
1012
1012
1012
1012
1012
1012
1012
1012
1012
1012
1012
505
1007
894
1119
1057
1030
1023
1004
945
1039
1085
1030
1013
938
1033
1087
1015
1023
1009
955
1057
1040
1021
1026
946
1068
1018
1042
1005
960
1054
1025
1038
1011
981
1013
1062
1024
1008
984
1045
1027
1035
950
1014
1082
1015
1019
935
1067
1067
1014
1023
1012
1012
1037
1002
1014
1006
1034
1019
1009
948
1059
1051
1012
1012
1002
1028
1029
1011
1011
993
1035
1027
1030
982
1053
1017
1029
967
1068
1001
1039
996
1037
1023
1016
1009
1006
1037
1017
1016
1026
1014
1032
1018
1008
1004
1040
1040
1040
1040
1040
1040
1040
1040
1040
1040
1040
1040
1040
1040
1040
1040
1040
1040
1040
1040
1040
1040
1040
1040
1040
1040
1040
1040
1040
1040
1040
1040
1040
1040
1040
1040
1040
1040
1040
1040
1040
1040
1040
1040
1040
1040
1040
1040
1040
1040
1040
1040
1040
1040
1040
1040
1040
1040
1040
1040
1040
1040
1040
1040
1040
1040
1040
1040
1040
1040
1040
1040
1040
1040
1040
1040
1040
1040
1040
1040
1040
1040
1040
1040
1040
1040
1040
1040
1040
1040
1040
1040
1040
1040
1040
1040
1040
1040
1040
1040
1040
1040
1040
1040
1040
1040
1040
1040
1040
1040
1040
1040
1040
1040
1040
1040
1040
1040
1040
1040
1040
1040
1040
1040
1040
1040
1040
1040
1040
1040
1040
1040
1040
1040
1040
1040
1040
1040
1040
1040
1040
1040
1040
1040
1040
1040
1040
1040
1040
1040
1040
1040
1040
1040
1040
1040
1040
1040
1040
1040
1040
1040
1040
1040
1040
1040
1040
1040
1040
1040
1040
1040
1040
1040
1040
1040
1040
1040
1040
1040
1040
1040
1040
1040
1040
1040
1040
1040
1040
1040
1040
1040
1040
1040
1040
1040
1040
1040
1040
1040
1040
1040
1040
1040
1040
1040
1040
1040
1040
1040
1040
1040
1040
1040
1040
1040
1040
1040
1040
1040
1040
1040
1040
1040
1040
1040
1040
1040
1040
1040
1040
1040
1040
1040
1040
1040
1040
1040
1040
1040
1040
1040
1040
1040
1040
1040
1040
1040
1040
1040
1040
1040
1040
1040
1040
1040
1040
1040
1040
1040
1040
1040
1040
1040
1040
1040
1040
1040
1040
1040
1040
1040
1040
1040
1040
1040
1040
1040
1040
1040
1040
1040
1040
1040
1040
1040
1040
1040
1040
1040
1040
1040
1040
1040
1040
1040
1040
1040
1040
1040
1040
1040
1040
1040
1040
1040
1040
1040
1040
1040
1040
1040
1040
1040
1040
1040
1040
1040
1040
1040
1040
1040
1040
1040
1040
1040
1040
1040
1040
1040
1040
1040
1040
1040
1040
1040
1040
1040
1040
1040
1040
1040
1040
1040
1040
1040
1040
1040
1040
1040
1040
1040
1040
1040
1040
1040
1040
1040
1040
1040
1040
1040
1040
1040
1040
1040
1040
1040
1040
1040
1040
1040
1040
1040
1040
1040
1040
1040
1040
1040
1040
1040
1040
1040
1040
1040
1040
1040
1040
1040
1040
1040
1040
1040
1040
1040
1040
1040
1040
1040
1040
1040
1040
1040
1040
1040
1040
1040
1040
1040
1040
1040
1040
1040
1040
1040
1040
1040
1040
1040
1040
1040
1040
1040
1040
1040
1040
1040
1040
1040
1040
1040
1040
1040
1040
1040
1040
1040
1040
1040
1040
1040
1040
1040
1040
1040
1040
1040
1040
1040
1040
1040
1040
1040
1040
1040
1040
1040
1040
1040
1040
1040
1040
1040
1040
1040
1040
1040
1040
1040
1040
1040
1040
1040
1040
1040
1040
1040
1040
1040
1040
1040
1040
1040
1040
1040
1040
1040
1040
1040
1040
1040
1040
1040
1040
1040
1040
1040
1040
