1020
1017
1021
1008
1024
1022
1016
1019
1018
1022
1024
1020
1015
1017
1013
1019
1017
1014
1017
1015
1019
1019
1021
1017
1018
1019
1022
1019
1019
1016
1019
1020
1023
1014
1014
1016
1022
1020
1016
1016
1015
1016
1016
1015
1014
1018
1017
1018
1014
1017
1016
1021
1016
1018
1019
1019
1016
1017
1019
1013
1019
1021
1020
1018
1019
1017
1020
1016
1017
1014
1017
1011
1013
1017
1018
1020
1023
1015
1008
1017
1019
1013
1020
1017
1020
1018
1018
1018
1019
1016
1015
1011
1019
1022
1019
1017
1018
1018
1018
1018
1018
1018
1018
1018
1018
1018
1018
1018
1018
1018
1018
1018
1018
1018
1018
1018
1018
1018
1018
1018
1018
1018
1018
1018
1018
1018
1018
1018
1018
1018
1018
1018
1018
1018
1018
1018
1018
1018
1018
1018
1018
1018
1018
1018
1018
1018
1018
1018
1018
1018
1018
1018
1018
1018
1018
1018
1018
1018
1018
1018
1018
1018
1018
1018
1018
1018
1018
1018
1018
1018
1018
1018
1018
1018
1018
1018
1018
1018
1018
1018
1018
1018
1018
1018
1018
1018
1018
1018
1018
1018
1018
1018
1018
1018
1018
1018
1018
1018
1014
1016
1018
1019
1019
1015
1019
1015
1015
1022
1016
1014
1017
1016
1016
1016
1014
1011
1015
1016
1015
1018
1013
1019
1019
1017
1024
1017
1015
1020
1017
1017
1015
1016
1021
1017
1020
1010
1011
1010
1017
1023
1020
1015
1019
1016
1016
1019
1013
1019
1016
1021
1016
1017
1016
1022
1019
1017
1015
1016
1016
1015
1014
1015
1023
1014
1015
1016
1016
1023
1019
1020
1024
1016
1019
1013
1015
1017
1017
1017
1019
1014
1012
1013
1013
1015
1021
1018
1021
1022
1019
1021
1017
1017
1015
1015
1018
1017
1012
1012
1012
1012
1012
1012
1012
1012
1012
1012
1012
1012
1012
1012
1012
1012
1012
1012
1012
1012
1012
1012
1012
1012
1012
1012
1012
1012
1012
1012
1012
1012
1012
1012
1012
1012
1012
1012
1012
1012
1012
1012
1012
1012
1012
1012
1012
1012
1012
1012
1012
1012
1012
1012
1012
1012
1012
1012
1012
1012
1012
845
892
845
956
818
849
932
857
850
887
826
931
937
1092
1144
1358
1405
1358
1406
1262
1242
1083
1055
944
897
898
895
846
850
823
832
852
843
894
890
950
970
1067
1103
1216
1248
1320
1267
1283
1176
1101
1024
932
940
887
839
882
870
874
931
901
939
967
1136
1036
1098
1131
1169
1131
1158
1055
1042
997
933
961
919
918
938
953
974
999
1030
1062
1074
1098
1082
1083
1049
1040
1020
992
983
964
964
982
986
1011
1026
1029
1047
1042
1071
1057
1051
1018
1018
1018
1018
1018
1018
1018
1018
1018
1018
1018
1018
1018
1018
1018
1018
1018
1018
1018
1018
1018
1018
1018
1018
1018
1018
1018
1018
1018
1018
1018
1018
1018
1018
1018
1018
1018
1018
1018
1018
1018
1018
1018
1018
1018
1018
1018
1018
1018
1018
1018
1018
1018
1031
1023
1028
1031
1029
1004
1028
1002
1013
1001
1017
1007
1022
1039
1030
1035
1052
1041
1005
1010
987
1007
1008
1013
1010
1077
1055
1030
1024
1015
980
980
1024
1003
1025
1017
1040
1029
1045
1001
1018
986
1006
972
1021
998
1026
1029
1041
1022
1024
1016
1012
997
1015
1037
1005
1004
1010
1005
1015
1030
1034
1027
1034
1050
1013
1010
1009
1003
1000
989
997
1001
1029
1041
1043
1012
1020
1006
1048
1019
1091
977
1034
1000
991
988
1059
1023
990
992
1020
1001
1016
1045
953
1106
1093
1037
1037
1037
1037
1037
1037
1037
1037
1037
1037
1037
1037
1037
1037
1037
1037
1037
1037
1037
1037
1037
1037
1037
1037
1037
1037
1037
1037
1037
1037
1037
1037
1037
1037
1037
1037
1037
1037
1037
1037
1037
1037
1037
1037
1037
1037
1037
1037
1037
1037
1037
1037
1037
1037
1037
1037
1037
1037
1037
1037
1037
1037
1037
1037
1037
1037
1037
1037
1037
1037
1037
1037
1037
1037
1037
1037
1037
1037
1037
1037
1037
1021
1025
1018
1006
1011
1029
1088
1049
1039
1011
1031
1022
1036
992
979
981
987
984
990
1024
1008
1007
1009
1018
1022
1029
1024
1015
1093
1065
968
1009
978
971
997
1000
979
1033
1011
1028
1040
1047
1042
1050
1022
985
1009
1017
998
995
972
987
1075
1037
993
1045
1070
1040
1010
1012
1029
1004
988
1017
924
1069
1106
1000
975
1081
1040
1049
1000
1039
1034
1026
986
1003
995
1004
984
999
1002
1035
989
1017
1000
1002
999
1020
999
1003
1059
1040
1011
1013
991
1018
1005
1005
1005
1005
1005
1005
1005
1005
1005
1005
1005
1005
1005
1005
1005
1005
1005
1005
1005
1005
1005
1005
1005
1005
1005
1005
1005
1005
1005
1005
1005
1005
1005
1005
1005
1005
1005
1005
1005
1005
1005
1005
1005
1005
1005
1005
1005
1005
1005
995
1018
986
1020
995
1002
1015
1049
1107
1038
1015
1001
1025
1012
979
973
974
986
1017
1032
1051
1037
1066
1043
1030
1008
1022
990
970
984
1001
1001
1022
1033
1035
1046
1062
960
1079
965
953
1058
980
1053
1076
1063
962
1031
1045
1013
996
1013
1000
1066
1026
1026
1038
1068
1029
1023
1018
993
968
955
976
988
1031
1061
1022
1003
1027
972
1111
1001
1003
1018
1051
1052
955
928
1002
1032
1010
1012
1009
1041
1049
1064
1049
1006
1003
1001
995
998
999
1012
1021
1046
1040
1022
1022
1022
1022
1022
1022
1022
1022
1022
1022
1022
1022
1022
1022
1022
1022
1022
1022
1022
1022
1022
1022
1022
1022
1022
1022
1022
1022
1022
1022
1022
1022
1022
1022
1022
1022
1022
1022
1022
1022
1022
1022
1022
1022
1022
1022
1022
1022
1022
1022
1022
1022
1022
1032
1026
1018
1015
1023
1005
1011
997
1016
1028
1036
1008
1020
1010
999
1009
1006
1003
990
1025
1003
991
976
984
1095
1002
1058
1073
1034
962
1038
1018
1002
982
987
1001
1029
1026
1031
1033
1024
1014
1007
998
1022
1006
991
1011
1011
1015
1012
1062
1092
1017
1020
1032
994
993
989
977
978
1011
1027
1034
1055
1055
1060
1020
1028
1011
1002
1018
1002
1019
1028
1026
1036
1036
1021
1017
1034
1022
1016
1020
1024
1028
1002
1044
1014
1036
1013
1025
1010
1020
1024
1026
1036
1023
1028
1030
1030
1030
1030
1030
1030
1030
1030
1030
1030
1030
1030
1030
1030
1030
1030
1030
1030
1030
1030
1030
1008
1074
1120
1060
1035
991
1032
1017
985
960
960
953
966
1000
1031
1074
1088
1080
1082
1046
1030
1002
983
981
977
972
1001
985
1014
1023
1026
1068
1058
1048
1041
1039
999
983
986
997
995
1025
1037
1050
1056
1037
1033
1050
1029
1053
1039
991
1002
1013
1025
994
969
977
1014
1008
1033
1064
1061
1034
1001
992
961
968
989
985
1001
1010
997
1019
1034
1117
1109
1049
1013
969
975
936
953
994
1004
1002
1035
1042
1054
1059
1046
1042
1028
1016
998
1001
994
999
1005
1018
1018
1018
1018
1018
1018
1018
1018
1018
1018
1018
1018
1018
1018
1018
1018
1018
1018
1018
1018
1018
1018
1018
1018
1018
1018
1018
1018
1018
1034
1015
999
1014
985
990
1000
1036
1002
1025
1001
991
1022
988
985
976
995
984
979
1059
1085
1123
1076
1012
1004
959
952
972
978
997
1019
1022
1027
1055
1032
1064
1046
1017
1006
1015
991
1008
987
1026
1013
1063
1018
1046
990
1006
975
1055
1045
1044
1045
1011
1012
1018
1004
989
1001
990
1022
1029
1071
1065
1055
1029
1013
1013
976
1017
986
1016
1003
1023
1015
1016
1012
1040
1026
1006
1017
995
995
964
956
978
987
1009
1011
1024
1038
1011
1018
1148
1077
1036
992
992
992
992
992
992
992
992
992
992
992
992
992
992
992
992
992
992
992
992
992
1046
1013
1019
1009
978
983
993
981
1034
1017
1045
1060
1039
1043
1046
997
1014
980
998
982
1014
1009
1045
1032
1061
1060
1037
1042
1011
1037
1001
996
1004
1012
996
1033
995
1003
1002
1009
1036
1023
1026
1029
1004
1013
1067
1164
1036
1087
989
936
975
899
975
983
1008
1053
1047
1039
1088
985
1033
1029
1003
1094
1131
1034
1022
959
972
996
961
1014
1028
1029
1053
1011
1040
1028
1023
973
965
970
987
1017
1059
1071
1035
1030
1009
1023
984
1010
997
1022
1009
1033
1033
1031
1031
1031
1031
1031
1031
1031
1031
1031
1031
1031
1031
1031
1031
1031
1031
1031
1031
1031
1031
1031
991
1032
1012
1019
1025
1024
1055
1178
1027
1003
986
948
982
936
999
1000
1032
1047
1053
1041
1057
1031
1036
1029
1014
1021
1011
1014
998
1010
1002
1045
1034
1028
1056
1037
1031
1025
1007
1029
999
1025
1013
1013
1004
1022
1031
1044
1067
1013
1001
1020
1034
977
993
967
1011
1024
1013
1053
1042
1037
1037
1006
1007
999
996
1004
1012
1024
1028
1033
1021
991
1047
940
1046
921
930
1057
981
1086
1058
1016
985
1001
1002
1005
1113
1082
1088
988
983
944
963
959
980
994
1012
1053
1053
1053
1053
1053
1053
1053
1053
1053
1053
1053
1053
1053
1053
1053
1053
1053
1053
1053
1053
1053
1053
1053
1053
1053
1053
1053
1053
1053
1053
1053
1053
1053
1033
1045
996
1040
1001
1013
1013
1015
1029
1017
1022
1010
1015
1016
1027
1011
1014
1018
1021
1007
1020
1008
1021
1013
1023
980
974
1016
983
1020
1006
980
991
997
994
1016
1020
1051
1209
1059
1097
989
962
940
922
947
951
982
1003
1044
1040
1077
1091
1085
1048
1001
1017
980
968
1007
1004
1026
1012
1056
1029
1040
1015
1022
1019
999
1015
1016
1035
1033
1028
1032
1017
1007
1028
1010
1035
1061
1002
1037
1026
1036
1047
1024
995
1016
1018
1045
1031
1017
1018
1049
1018
1033
1004
1008
1008
1008
1008
1008
1008
1008
1008
1008
1008
1008
1008
1008
1008
1008
1008
1008
1008
1008
1008
1008
1008
1008
1008
1008
1008
1008
1008
950
950
969
963
996
1052
1068
1050
1067
1056
1068
1055
1006
987
968
974
948
996
993
1062
1045
1064
1027
1049
1018
1044
981
1001
1006
1016
1004
1025
1005
1020
1011
1037
1026
1026
1021
1037
1035
1016
1029
1018
1031
1023
1021
1006
1031
1011
1024
994
1029
1018
1028
1025
1050
1038
1036
1034
1016
1013
1004
1036
995
1033
1013
1017
993
1023
965
1024
970
1004
991
1015
1008
999
999
994
986
1008
1061
1214
1078
1062
997
1002
908
959
925
988
962
1033
1057
1056
1034
1075
1078
1025
1025
1025
1025
1025
1025
1025
1025
1025
1025
1025
1025
1025
1025
1025
1025
1025
1025
1025
1025
1025
1025
1025
1025
1025
1025
1025
1025
1025
1025
1025
1025
1025
1025
1025
1025
1025
1025
1025
1025
1025
1025
1025
1025
1025
1025
1025
1025
1025
986
1019
1053
1024
1032
1026
1011
1017
983
995
1026
987
1017
1035
1024
999
1004
1001
968
997
972
1011
997
1003
990
1055
971
1023
1051
1101
1127
1115
1018
965
941
959
948
961
960
1014
1007
1035
1058
1063
1048
1049
1051
1028
1029
973
1022
975
1023
991
1038
1032
1028
1036
1055
1045
1037
1008
1036
984
1027
1013
993
1008
975
1023
1073
959
1058
1086
1044
1083
1028
1048
1024
988
986
980
989
1013
1028
1024
1023
1031
1015
1030
1015
967
1047
985
1007
1010
1045
1024
1037
1006
1006
1006
1006
1006
1006
1006
1006
1006
1006
1006
1006
1006
1006
1006
1006
1006
1006
1006
1006
1006
1006
1006
1006
1006
1006
1006
1006
1006
1006
1006
1006
1006
943
967
937
1027
1048
1068
1063
1071
1074
1055
1028
1033
985
951
970
993
991
1024
1079
1053
1079
1021
1040
1005
1013
977
976
1010
1034
1063
1030
1028
1033
1034
1007
1011
990
992
987
1005
1006
1035
1037
1040
1053
1045
1021
1011
981
1007
979
1008
990
1029
1021
1033
1037
1035
1010
1040
986
1023
974
1024
978
1031
1011
1034
1046
1019
1019
1021
1009
1005
1000
995
967
977
1124
892
1048
1002
1053
957
979
1024
1044
903
1069
982
1023
1068
1041
1242
1028
1081
958
997
803
965
965
965
965
965
965
965
965
965
965
965
965
965
965
965
965
965
965
965
965
965
1068
1002
1026
1001
981
983
987
1029
1025
1072
1042
1035
1038
1013
991
988
1020
1026
1059
1024
1065
1011
1036
1007
1031
979
1021
1004
1022
1013
1024
1018
1042
1005
1020
1030
1009
1016
1019
1016
1004
1030
1012
1018
1042
1015
1038
1008
1009
998
997
967
1012
1015
1043
1023
1035
1018
1022
980
999
966
975
973
989
990
1012
992
1037
1027
984
1026
986
1017
1105
1088
1222
1081
1033
900
969
867
949
883
994
964
1040
1059
1104
1095
1082
1111
1050
1019
998
978
949
964
1011
1011
1011
1011
1011
1011
1011
1011
1011
1011
1011
1011
1011
1011
1011
1011
1011
1011
1011
1011
1011
1019
991
1002
1002
1028
1017
1040
1014
1027
994
1020
999
1006
1042
1033
1056
1012
1023
1032
987
1018
1004
1006
990
1004
1037
1014
1016
1019
1049
999
1023
1017
1011
1011
1030
1011
1020
1015
1019
1027
1015
1026
1013
1033
1001
1021
988
1040
1003
1026
1015
1038
1006
1018
991
994
981
989
994
1010
990
1003
1042
982
1050
1002
1006
1006
994
1022
1062
1039
1163
1116
1038
1041
921
906
907
939
972
1016
1021
1067
1068
1115
1087
1058
1027
1002
948
1021
1006
1073
956
1067
1096
1123
1201
1201
1201
1201
1201
1201
1201
1201
1201
1201
1201
1201
1201
1201
1201
1201
1201
1201
1201
1201
1201
1008
993
986
1038
1052
1034
990
933
1100
1026
1026
1009
994
960
1086
1023
1033
993
945
1088
1036
1017
899
1088
1072
1010
1021
933
1066
1054
1003
1024
913
1079
1065
999
1017
990
1013
1046
1006
1008
1013
1012
1040
1020
902
1100
1045
1008
1026
941
1071
1034
1006
1004
995
1040
1027
1013
1015
999
1003
1047
1011
951
1085
1041
1004
986
1018
1055
1020
975
1038
1039
1022
1020
977
1053
1006
1026
1010
1002
1034
1022
1017
1008
1005
1038
1015
952
1065
1033
1011
1026
995
1003
1058
1011
1011
1011
1011
1011
1011
1011
1011
1011
1011
1011
1011
1011
1011
1011
1011
1011
1011
1011
1011
1011
1011
1011
1011
1011
1011
1011
1011
1011
1011
1011
1011
1011
1011
1011
1011
1011
1011
1011
1011
1011
1011
1011
1011
1011
1011
1011
1011
1011
1011
1011
1011
1011
1011
1011
1011
1011
1017
1013
1015
1008
1017
1016
1013
1019
1011
1015
1016
1015
1023
1019
1011
1025
1016
1013
1018
1020
1017
1016
1019
1016
1017
1023
1017
1017
1018
1019
1017
1022
1013
1017
1017
1018
1016
1017
1020
1019
1021
1004
1037
1005
1024
1017
1013
1018
1019
1017
1018
1021
1020
1016
1003
1018
1019
1020
1017
1015
1021
1022
1008
1015
1016
1013
1023
1011
1019
1018
1019
1017
1015
1014
1019
1020
1014
1025
1011
1022
1017
1012
1017
1021
1013
1014
1020
1020
1020
1020
1019
1020
1017
1017
1018
1022
1013
1022
1026
1017
1017
1017
1017
1017
1017
1017
1017
1017
1017
1017
1017
1017
1017
1017
1017
1017
1017
1017
1017
1017
1017
1017
1017
1017
1017
1017
1017
1017
1017
1017
1017
1017
1017
1017
1017
1017
1017
1017
1017
1017
1017
1017
1017
1017
1017
1017
1017
1017
1017
1017
1017
1017
1017
1017
1017
1017
1017
1017
1017
1017
1017
1017
1017
1017
1017
1017
1017
1017
1017
1017
1017
1017
1017
1017
1017
1017
1017
1017
1017
1017
1017
1017
1017
1017
1017
1017
1017
1017
1017
1017
1017
1017
1017
1017
1017
1017
1017
1017
1017
1017
1017
1017
1017
1017
1017
1017
1017
1017
1017
1017
1017
1017
1017
1017
1017
1017
1017
1017
1017
1017
1017
1017
1017
1017
1017
1017
1017
1017
1017
1017
1017
1017
1017
1017
1017
1017
1017
1017
1017
1017
1017
1017
1017
1017
1017
1017
1017
1017
1017
1017
1017
1017
1017
1017
1017
1017
1017
1017
1017
1017
1017
1017
1017
1017
1017
1017
1017
1017
1017
1017
1017
1017
1017
1017
1017
1017
1017
1017
1017
1017
1017
1017
1017
1017
1017
1017
1017
1017
1017
1017
1017
1017
1017
1017
1017
1017
1017
1017
1017
1017
1017
1017
1017
1017
1017
1017
1017
1017
1017
1017
1017
1017
1017
1017
1017
1017
1017
1017
1017
1017
1017
1017
1017
1017
1017
1017
1017
1017
1017
1017
1017
1017
1017
1017
1017
1017
1017
1017
1017
1017
1017
1017
1017
1017
1017
1017
1017
1017
1017
1017
1017
1017
1017
1017
1017
1017
1017
1017
1017
1017
1017
1017
1017
1017
1017
1017
1017
1017
1017
1017
1017
1017
1017
1017
1017
1017
1017
1017
1017
1017
1017
1017
1017
1017
1017
1017
1017
1017
1017
1017
1017
1017
1017
1017
1017
1017
1017
1017
1017
1017
1017
1017
1017
1017
1017
1017
1017
1017
1017
1017
1017
1017
1017
1017
1017
1017
1017
1017
1017
1017
1017
1017
1017
1017
1017
1017
1017
1017
1017
1017
1017
1017
1017
1017
1017
1017
1017
1017
1017
1017
1017
1017
1017
1017
1017
1017
1017
1017
1017
1017
1017
1017
1017
1017
1017
1017
1017
1017
1017
1017
1017
1017
1017
1017
1017
1017
1017
1017
1017
1017
1017
