1020
1023
1019
1023
1022
1028
1027
1031
1019
1027
1023
1025
1021
1025
1027
1027
1023
1023
1021
1032
1022
1028
1027
1021
1022
1026
1023
1021
1034
1029
1027
1024
1021
1020
1025
1023
1023
1027
1019
1024
1029
1026
1026
1025
1023
1023
1022
1022
1027
1018
1021
1024
1020
1024
1023
1031
1027
1026
1016
1022
1021
1028
1025
1025
1029
1022
1021
1025
1021
1026
1024
1023
1021
1032
1019
1021
1023
1029
1027
1021
1025
1027
1029
1021
1018
1024
1022
1022
1025
1023
1020
1026
1021
1025
1025
1025
1025
1025
1025
1025
1025
1025
1025
1025
1025
1025
1025
1025
1025
1025
1025
1025
1025
1025
1025
1025
1025
1025
1025
1025
1025
1025
1025
1025
1025
1025
1025
1025
1025
1025
1025
1025
1025
1025
1025
1025
1025
1025
1025
1025
1025
1025
1025
1025
1025
1025
1025
1025
1025
1025
1025
1025
1025
1025
1025
1025
1025
1025
1025
1025
1025
1025
1025
1025
1025
1025
1025
1025
1025
1025
1025
1025
1025
1025
1025
1025
1025
1025
1025
1025
1025
1025
1025
1025
1025
1025
1025
1025
1025
1025
1025
1025
1025
1025
1025
1025
1025
1025
1025
1025
1025
1025
1025
1025
1025
1025
1025
1025
1025
1025
1025
1025
1025
1025
1025
1025
1025
1025
1025
1025
1025
1025
1025
1025
1025
1025
1025
1025
1025
1025
1025
1025
1025
1025
1025
1025
1025
1025
1025
1025
1025
1025
1025
1025
1025
1025
1025
1025
1025
1025
1025
1025
1025
1025
1025
1025
1025
1025
1025
1025
1025
1025
1025
1025
1025
1025
1025
1025
1025
1025
514
1020
1021
1021
1020
1021
1021
1015
1021
1022
1011
1023
1010
1022
1018
1021
1032
1012
1021
1028
1018
999
993
743
1316
1093
923
1052
1031
1022
1019
1017
1029
1020
1023
1018
1024
1025
1015
1025
1022
1026
1019
1021
1025
1018
1018
1028
1023
1020
1016
1020
1027
1017
1021
1022
1021
1016
1021
1028
1019
1018
1018
1020
1028
1010
1023
1013
1023
1025
1021
1021
1019
1023
1012
1023
1020
1018
1027
1020
1022
1031
1020
1008
1016
1021
1033
1015
1025
1019
1033
1035
993
1027
1017
1028
1004
1031
1019
1019
1019
1019
1019
1019
1019
1019
1019
1019
1019
1019
1019
1019
1019
1019
1019
1019
1019
1019
1019
1019
1019
1019
1019
1019
1019
1019
1019
1019
1019
1019
1019
1019
1019
1019
1019
1019
1019
1019
1019
1019
1019
1019
1019
1019
1019
1019
1019
1019
1019
1019
1019
507
989
1018
1016
1022
1050
992
1022
1024
1025
1060
995
1004
1022
1013
1026
1063
973
1023
1024
1004
1117
956
978
1027
1032
1009
1090
991
962
1031
1020
1019
1106
986
973
1014
1029
1024
1098
1033
1021
994
912
1021
1195
934
974
1023
1021
985
1226
1027
1144
554
850
1364
968
1411
1031
1081
1063
1009
956
1038
994
1082
1090
1041
1007
1029
1041
1043
1028
965
985
1002
1037
1077
1001
1082
1078
1039
1010
1035
1022
963
978
1006
1000
1003
1022
953
1004
920
958
1044
1088
1148
1167
1167
1167
1167
1167
1167
1167
1167
1167
1167
1167
1167
1167
1167
1167
1167
1167
1167
1167
1167
1167
522
1018
1030
1064
1080
1072
1052
1026
998
985
983
991
981
1028
1023
1050
1046
1029
1028
1016
988
940
1116
949
1054
1029
1034
996
1052
985
1034
994
1014
1025
1005
1015
1045
1011
1018
1034
1021
1030
1018
1014
1022
1003
1039
1003
1020
1029
1019
1014
1016
1016
1034
1023
1035
1028
1038
1017
1037
1016
1030
1020
1014
1033
1020
1023
1022
1011
1029
1003
1027
1008
1027
1021
1029
1019
1036
1037
1035
1016
1035
1024
1026
1022
1013
1017
1007
1023
1027
1025
1032
1060
1032
1036
1036
1019
1027
1020
1020
1020
1020
1020
1020
1020
1020
1020
1020
1020
1020
1020
1020
1020
1020
1020
1020
1020
1020
1020
487
909
946
991
1036
1075
1092
1088
1064
1029
1004
986
974
978
979
990
1043
1034
1040
1057
1057
1022
1021
1002
1013
982
1005
998
1029
1015
1049
1026
1050
1038
1019
1011
1026
997
1002
1014
1023
1009
1034
1021
1028
1017
1025
1028
1010
1030
1009
1028
1032
1023
1001
1037
1030
1044
1012
1035
1011
1032
1010
1014
997
1022
1007
1035
1041
1040
1022
1046
1009
1013
1007
994
1010
1008
1025
1016
1034
1030
1022
1041
1039
1024
1016
1003
1002
1005
1010
1041
1013
1040
1046
1042
1046
1017
1036
1008
1008
1008
1008
1008
1008
1008
1008
1008
1008
1008
1008
1008
1008
1008
1008
1008
1008
1008
1008
1008
1008
1008
1008
1008
495
1090
1058
1061
995
991
972
983
980
1012
1037
1040
1067
1041
1048
1027
1008
1017
980
1008
1001
994
1043
1009
1060
1017
1050
1027
1018
1017
1004
1017
996
1019
1023
1005
1043
1008
1027
1045
1020
1037
1017
1013
1035
1013
1013
1025
1024
1013
1033
1014
1030
1014
1043
1006
1023
1025
1015
1035
1020
1018
1016
1012
1004
1040
980
1048
927
1118
977
1073
1026
1026
1075
1002
999
1046
999
1024
1026
1027
1029
1017
1057
1038
1034
1003
1009
1001
992
973
1013
882
951
894
1064
1063
1198
1150
1150
1150
1150
1150
1150
1150
1150
1150
1150
1150
1150
1150
1150
1150
1150
1150
1150
1150
1150
1150
1150
1150
1150
1150
1150
1150
1150
1150
524
1021
1044
1010
1030
1008
971
1013
1005
1018
1004
1040
1030
1026
1003
1058
988
1049
985
1030
1025
1000
1048
996
1069
1006
1053
1002
1023
987
1029
1024
1063
1045
1036
1023
996
1030
999
1005
1005
1043
1006
1039
1018
1027
998
1029
1022
1038
1024
1051
1022
1027
1010
1034
1002
1021
1029
1007
1028
1023
1032
1043
1028
1018
1016
1027
1010
1012
1003
1014
1005
1000
967
1023
903
1039
1027
1106
1113
1113
1085
1047
1032
981
922
947
943
966
993
1008
1058
1070
1044
1051
1044
1021
933
933
933
933
933
933
933
933
933
933
933
933
933
933
933
933
933
933
933
933
933
933
933
933
933
933
933
933
933
933
933
933
933
933
933
933
933
933
933
933
933
933
933
933
933
933
933
933
933
933
933
933
933
933
933
933
933
933
933
933
933
933
933
933
933
933
933
933
933
933
933
933
933
933
933
933
933
933
933
933
933
933
933
933
933
933
933
933
933
933
933
933
933
580
1090
1053
991
937
904
890
921
941
989
1040
1072
1107
1092
1076
1052
1001
983
969
976
987
1020
1028
1030
1051
1071
1067
1053
1028
1001
1010
972
998
968
1031
1022
1049
1041
1022
1040
1029
1020
1016
1010
1007
1002
999
1021
1024
1046
1026
1030
1030
1020
1009
984
1031
1016
1010
1014
1015
1003
1027
1034
1014
1043
1044
1029
1019
1003
1013
1006
991
1030
1027
1027
1033
1026
1034
1018
1052
1025
1047
1013
1027
1028
1016
992
1002
978
994
974
996
895
953
1006
1065
1057
1150
1128
1128
1128
1128
1128
1128
1128
1128
1128
1128
1128
1128
1128
1128
1128
1128
1128
1128
1128
1128
1128
473
964
989
1021
1012
1104
996
1147
1002
1080
1029
999
1021
974
1016
999
1018
1034
1016
1050
1034
1025
1040
1032
1013
1027
1002
1029
993
1039
1024
1032
1031
1013
1026
1020
1022
1029
1019
1032
1009
1008
1030
1025
1017
1028
1030
1018
1003
1031
1021
1025
1017
1022
1016
1028
1022
1033
1046
1039
1048
1015
1026
1008
1003
1009
986
1000
980
954
892
993
1028
1061
1162
1103
1151
1078
1032
1044
966
964
919
940
928
957
1001
1022
1042
1080
1075
1069
1047
1008
1029
968
994
980
978
1008
1008
1008
1008
1008
1008
1008
1008
1008
1008
1008
1008
1008
1008
1008
1008
1008
1008
1008
1008
1008
495
1018
1010
1013
1012
1026
1013
1019
1023
1028
1045
1017
1039
1011
1016
1025
1022
1027
1018
1024
1003
1015
1010
1022
1025
1025
1037
1015
1020
1034
1028
1022
1033
1023
1019
1009
1005
1025
988
1004
1021
966
948
990
1013
1069
1069
1124
1086
1068
1064
1017
1004
958
954
945
956
970
997
1047
1028
1052
1065
1044
1026
1004
1014
1017
986
1021
1004
1007
1023
1023
1029
1038
1017
1015
1018
1015
1046
997
1021
1021
996
1008
1010
1018
1030
1012
1040
1027
1046
1024
1025
1011
1015
1010
1004
1009
1009
1009
1009
1009
1009
1009
1009
1009
1009
1009
1009
1009
1009
1009
1009
1009
1009
1009
1009
1009
537
1034
1058
1023
1056
1012
988
998
1010
985
998
985
1021
1020
870
1032
1040
1103
1103
1120
1093
1042
996
992
975
949
953
967
988
997
1004
1041
1037
1060
1052
1038
1036
1011
1005
991
1009
996
996
1031
1013
1045
1041
1008
1045
1007
1014
998
1002
1029
1015
1012
1017
1034
1024
1014
1016
1020
1008
1003
1012
1032
1028
1036
998
1023
998
1020
1018
1023
1042
1027
1003
1028
1018
1014
1016
1020
1012
989
1021
1019
1027
1029
1031
1032
1011
1067
1051
1047
1060
1037
1009
1003
995
1003
1003
1003
1003
1003
1003
1003
1003
1003
1003
1003
1003
1003
1003
1003
1003
1003
1003
1003
1003
1003
510
1023
1031
1036
1030
1038
1014
1004
1018
1009
1017
1032
1017
1024
1028
1019
1016
1020
1022
1026
1022
1007
1029
1015
1002
1026
1004
1027
1016
1030
1027
1060
974
1017
1047
961
1061
990
1016
1049
989
1028
1052
998
1023
1022
1000
1009
1005
1034
1028
1055
1010
1039
1037
1007
1020
1015
990
1015
1008
1005
1013
999
887
1012
1009
1056
1081
1131
1106
1011
999
998
995
969
952
1008
978
969
970
1028
1035
1063
1034
1055
1031
998
961
1005
986
982
1115
1024
1081
1000
1016
1048
1018
1018
1018
1018
1018
1018
1018
1018
1018
1018
1018
1018
1018
1018
1018
1018
1018
1018
1018
1018
1018
1018
1018
1018
1018
509
1011
1023
1003
1037
996
995
1020
1024
1031
1036
1028
1034
1038
1019
1016
1028
1016
1006
1011
1010
1011
1007
1006
959
942
1011
1019
1078
1087
1086
1067
1048
1011
997
987
1003
984
965
966
999
1004
1022
1025
1045
1032
1024
1017
1012
1039
951
1067
1001
1033
1026
1033
1037
1040
1035
1020
1028
1020
1023
1005
1012
1021
1013
1034
1043
1006
1033
1017
994
1095
1032
999
1026
1001
1021
1018
1020
1034
1033
1013
1013
1042
1008
1010
1029
1009
1032
1014
1020
1026
1040
1021
1017
1043
1017
1015
1015
1015
1015
1015
1015
1015
1015
1015
1015
1015
1015
1015
1015
1015
1015
1015
1015
1015
1015
1015
1015
1015
1015
1015
548
1057
1031
1019
1034
1015
1019
992
1003
1007
1026
1013
1017
1069
1033
1026
1023
1014
1015
999
996
1028
1026
1031
1040
1029
1009
1038
1025
1021
1013
1032
1001
1009
991
1010
1024
1002
1013
1035
1027
1021
1015
1027
1022
1009
1025
1026
1020
1020
1027
1012
1035
1025
1027
1025
1015
1018
990
995
988
995
990
985
972
1065
1063
1067
1062
1049
1036
1031
1016
992
970
970
964
976
998
994
1021
1030
1031
1047
1036
1037
1037
1032
1009
1006
1007
1017
1030
1023
1041
1023
1008
990
1002
1015
1015
1015
1015
1015
1015
1015
1015
1015
1015
1015
1015
1015
1015
1015
1015
1015
1015
1015
1015
1015
501
1058
1040
1030
1024
1010
1002
1010
1037
1009
1018
1006
1034
1051
1015
1020
1011
1015
1008
997
1004
979
1016
1056
1023
1066
1064
1050
1042
1004
1019
1008
983
990
996
1003
1012
1017
1022
1035
1029
1048
1021
1038
1020
1015
1015
1003
1014
1011
1009
1018
1024
1024
1021
1038
1027
1032
1006
990
1001
1016
1008
1012
1033
1017
1020
1028
1021
1020
1013
1021
1011
1009
1023
1006
1019
1008
1019
1021
1029
1043
1023
1031
1032
1033
1020
1022
1016
1001
999
994
998
968
948
1054
1038
1035
1049
1063
1063
1063
1063
1063
1063
1063
1063
1063
1063
1063
1063
1063
1063
1063
1063
1063
1063
1063
1063
1063
515
1027
1000
1000
1033
1041
1009
1028
1032
1039
1016
1004
1014
1029
1031
1007
1001
1011
1005
1010
1017
1033
1019
1025
1028
1029
1017
1012
1011
1017
1008
1013
1024
1026
1035
1022
1033
1026
1029
1026
1012
1006
995
991
986
997
900
1056
1071
1033
1071
1051
1041
1040
1009
1021
1010
993
929
1029
1002
979
1033
1056
1015
1014
1061
1057
1043
1044
1017
1013
1023
997
1013
1015
1008
1023
1040
1036
1045
1023
1023
1032
1011
1005
1003
1013
1018
1019
1027
1027
1025
1026
1020
1002
1027
1009
1008
1023
1023
1023
1023
1023
1023
1023
1023
1023
1023
1023
1023
1023
1023
1023
1023
1023
1023
1023
1023
1023
554
1061
1016
1041
1046
964
1011
1014
978
1020
1002
967
1057
991
1005
1074
1017
1030
1068
1024
1046
1037
1027
1005
1011
993
1028
1017
963
1014
1091
1027
1088
1038
961
1029
969
1008
1021
1012
1010
1067
1011
1059
989
1020
1034
997
1024
1020
991
1033
1056
970
1063
1024
912
1044
1111
1044
1033
1041
922
970
1025
983
1037
998
1033
1063
1044
1004
1022
991
976
998
1031
1031
961
1006
1038
1024
972
1062
994
995
1063
1037
1024
1049
1010
1037
1035
1011
1021
991
1005
1024
1020
1020
1020
1020
1020
1020
1020
1020
1020
1020
1020
1020
1020
1020
1020
1020
1020
1020
1020
1020
1020
1020
1020
1020
1020
1020
1020
1020
1020
1020
1020
1020
1020
1020
1020
1020
1020
1020
1020
1020
1020
1020
1020
1020
1020
1020
1020
1020
1020
1020
1020
1020
1020
1020
1020
1020
1020
1020
1020
1020
1020
1020
1020
1020
1020
1020
1020
1020
1020
1020
1020
1020
1020
1020
1020
1020
1020
1020
1020
1020
1020
1020
1020
1020
1020
1020
1020
1020
1020
1020
1020
1020
1020
1020
1020
1020
1020
1020
1020
1020
1020
1020
1020
1020
1020
1020
1020
1020
1020
1020
1020
1020
1020
512
1005
1024
1012
1012
1023
1054
1016
1036
1022
1022
1027
1019
1008
984
1008
995
1014
1030
1028
1016
1029
1054
1012
998
1003
1011
997
1026
1034
1008
1033
1028
1022
1018
1019
1004
1005
1049
1026
1038
1013
1033
1027
1048
996
1039
1005
1011
1014
1025
1025
1007
1034
1004
991
979
1058
1001
1048
1079
1009
1038
1032
1008
1030
1026
1000
1019
1022
996
1009
1041
1050
1026
1046
1018
1007
1003
1011
1042
1009
1030
1017
1009
1007
1011
1030
998
1026
1025
1032
1017
1026
1018
1012
1021
1014
1019
1000
1000
1000
1000
1000
1000
1000
1000
1000
1000
1000
1000
1000
1000
1000
1000
1000
1000
1000
1000
1000
504
1026
1038
1020
1036
1013
1047
1057
1030
1017
993
1020
1009
1028
1017
1010
1059
1056
1004
1004
1007
981
1038
1002
1031
1020
1026
1029
1009
1035
1009
1005
1008
1034
1013
1026
1028
1027
1032
1003
1033
993
1016
1023
1006
1028
1022
1034
1025
1028
995
1018
1010
1019
1003
1022
1015
1014
1031
1002
1024
1012
1023
1004
1017
1026
1019
1020
999
1019
1022
987
1065
1020
1044
1008
1050
1015
1029
1003
1006
995
1019
1010
1024
1013
1014
1032
1021
1030
1016
1036
1019
1024
1007
1023
1013
997
1030
999
999
999
999
999
999
999
999
999
999
999
999
999
999
999
999
999
999
999
999
999
999
999
999
999
999
999
999
999
999
999
999
999
999
999
999
999
999
999
999
999
999
999
999
999
547
1018
1041
1025
995
1023
1017
1036
1027
1028
1031
1032
1016
1002
995
1005
1009
1021
1024
1028
1037
1009
1034
988
1020
997
1021
1004
1017
1022
1032
1014
1006
1034
1016
1002
1022
1018
1023
1049
996
1028
1038
976
923
797
738
739
787
748
817
862
894
898
904
970
1035
1127
1221
1245
1282
1202
1102
1050
1009
975
946
913
929
946
988
1027
1045
1037
1051
1040
1024
1008
1008
1020
1025
1027
1015
1010
1016
1028
1031
1023
1009
1010
1015
1027
1033
1022
1011
1025
1018
1026
1016
1011
1011
1011
1011
1011
1011
1011
1011
1011
1011
1011
1011
1011
1011
1011
1011
1011
1011
1011
1011
1011
1011
1011
1011
1011
1011
1011
1011
1011
1011
1011
1011
1011
1011
1011
1011
1011
1011
1011
1011
1011
1011
1011
1011
1011
1011
1011
1011
1011
1011
1011
1011
1011
1011
1011
1011
1011
1011
1011
1011
1011
1011
1011
1011
1011
1011
1011
1011
1011
1011
1011
1011
1011
1011
1011
1011
1011
1011
1011
1011
1011
1011
1011
1011
1011
1011
1011
1011
1011
1011
1011
1011
1011
1011
1011
1011
1011
1011
1011
1011
1011
1011
1011
1011
1011
1011
1011
1011
1011
1011
1011
1011
1011
1011
1011
1011
1011
1011
1011
1011
1011
1011
1011
1011
1011
1011
1011
1011
1011
1011
1011
1011
1011
1011
1011
1011
1011
1011
1011
1011
1011
1011
1011
1011
1011
1011
1011
1011
1011
1011
1011
1011
1011
1011
1011
1011
1011
1011
1011
1011
1011
1011
1011
1011
1011
1011
1011
1011
1011
1011
1011
1011
1011
1011
1011
1011
1011
1011
1011
1011
1011
1011
1011
1011
1011
1011
1011
1011
1011
1011
1011
1011
1011
1011
1011
1011
1011
1011
1011
1011
1011
1011
1011
1011
1011
1011
1011
1011
1011
1011
1011
1011
1011
1011
1011
1011
1011
1011
1011
1011
1011
1011
1011
1011
1011
1011
1011
1011
1011
1011
1011
1011
1011
1011
1011
1009
1020
1020
1021
1017
1019
1023
1020
1020
1022
1019
1019
1021
1018
1022
1019
1020
1021
1021
1020
1019
1015
1026
1019
1019
1019
1043
1011
1013
1013
1019
1021
1019
1019
1020
1017
1019
1021
1019
1021
1022
1021
1018
1021
1019
1021
1020
1021
1020
1019
1021
1018
1020
1022
1019
1019
1019
1013
1025
1020
1011
1010
1020
1012
1011
1032
1019
1007
1029
1021
1033
1011
1032
1022
1001
1019
995
1003
1014
1004
1030
1006
1024
1013
1004
1010
1010
1020
1016
1017
1008
1005
1013
1029
1032
1049
1024
1012
1035
1017
1056
1019
1004
1058
1019
1012
1014
970
1026
1010
1035
1037
1021
1021
997
1006
1020
1025
1021
996
1024
1015
1003
1020
1028
1015
1007
1029
1058
1035
1005
1013
1001
1025
1020
1004
1008
985
1049
1049
1022
1017
1019
1021
1019
1021
1020
1028
1019
1022
1023
1022
1023
1020
1021
1018
1026
1020
1019
