1020
1021
1019
1017
1023
1017
1019
1018
1020
1018
1019
1017
1018
1018
1019
1017
1016
1015
1018
1017
1023
1018
1018
1019
1019
1019
1028
1030
1013
1011
1007
1017
1010
1015
1017
1017
1020
1006
1004
1004
1017
1020
1020
1019
1018
1018
1021
1018
1022
1016
1016
1019
1018
1017
1017
1018
1020
1018
1019
1018
1020
1019
1018
1016
1022
1022
1022
1011
1019
1021
1037
1008
1017
1004
1008
1021
1022
1020
1024
1024
1030
1017
1013
1030
1013
1015
1010
1034
1021
1023
1023
1007
977
878
878
1025
1017
1017
1017
1018
1017
1017
1017
1019
1020
1015
1018
1017
1021
1017
1018
1016
1018
1018
1018
1025
1016
1018
1023
1015
1015
1015
1041
1023
1020
1020
1019
1017
1027
1011
1016
1019
1021
1018
1028
1008
1041
1053
971
1106
1009
603
919
1038
1033
1012
1038
1004
998
966
1059
1059
1059
956
1112
999
999
1064
993
1015
1031
1012
1024
1026
1013
1014
1021
1013
1016
1028
1029
1015
1019
1020
1023
1020
1023
1012
1022
1030
1016
1003
1003
1003
1140
1040
898
898
1047
975
1020
1033
1000
1026
1030
1004
1025
1024
1014
1009
1033
1030
1000
1024
1021
1017
1031
1018
1007
1037
1041
1001
941
941
941
952
939
1057
1037
1037
1035
1019
1004
1023
1020
1007
1029
1022
1008
1020
1023
1014
1016
1010
1029
1025
1012
1027
1032
1005
968
982
1163
996
909
909
909
927
1016
1012
1012
1012
1014
1027
1017
1026
1026
1018
1028
1014
1018
1025
1023
1017
1017
1036
1019
1010
992
1018
1089
964
984
1049
1013
988
988
988
981
992
1012
985
1046
1005
1004
1021
1032
1032
1023
1015
1021
1030
1021
1020
1019
978
964
1143
1039
904
1038
1065
974
1031
1056
992
1012
1042
1019
1007
1037
1005
1015
1015
1015
1030
1007
1007
1007
1026
996
949
1104
1074
921
979
1077
1000
989
1068
1018
1005
1036
1029
1009
1026
1030
1021
1013
1026
1018
1021
1033
1024
1024
1024
1058
1077
952
963
963
1016
986
1041
1021
1009
1031
1029
1008
1023
1025
1012
1022
1023
1015
1031
1026
1005
973
1055
1067
970
976
1051
1010
1002
1002
1002
971
1002
1012
1012
1014
1027
1027
1021
1018
1004
1044
1032
998
968
1071
1067
954
984
1056
1015
990
1042
1018
997
1033
1025
1004
1019
1022
1022
1022
1049
1040
1040
1024
994
999
999
1022
1002
1018
1028
1015
1023
1023
1019
1012
1022
1009
1036
1011
1013
1020
1032
1019
1010
983
1052
1037
988
975
1049
1000
1000
1000
981
1032
1021
1021
1009
1040
1022
1010
1023
1026
1023
1011
979
1037
1055
995
983
1024
1018
1022
1023
1027
1014
1032
1003
1037
1016
1022
1017
1017
1017
1029
1001
994
994
1019
973
1012
1030
1004
1027
1025
1008
1034
1027
1007
1016
1025
1019
1023
1015
1024
1004
986
1062
1027
983
998
1031
1030
1030
1030
953
994
1021
1021
1010
1030
1031
1014
1015
1023
1008
1010
1051
1005
999
1022
1032
1017
1012
1027
1013
1013
1018
1021
1012
1018
1031
1021
995
995
995
987
971
1006
1031
998
1038
1035
1035
1015
1010
1022
1012
1027
1027
990
996
1048
1027
980
1020
1043
1025
1010
1031
1014
1013
1027
1018
1014
1006
1039
1017
1017
1017
1040
1006
979
979
1039
1023
1005
1037
1033
984
1047
1016
1005
1004
1058
990
1008
1023
1006
1020
991
1034
1033
1022
1014
1033
1018
1019
1013
1013
1013
1053
1025
1024
1073
1004
1004
1014
1015
1033
1023
1014
1033
1023
1015
1011
1031
1018
1041
995
1005
1054
1006
1005
1023
1028
1012
1009
1028
1001
1024
1022
1022
1022
1017
994
980
984
984
1027
1007
1034
1010
1028
1010
1021
1016
1012
1008
1020
1004
1052
1014
1016
1035
1010
1021
1025
1011
1028
1014
1015
1029
1017
1017
1017
1001
993
1034
1026
1026
1043
1022
1007
1014
1025
1013
1016
1025
1025
1010
1017
1023
1006
1012
1037
1013
1016
1030
1017
1024
1020
1009
1027
1018
1006
1006
1006
1038
980
1028
772
882
882
1224
1016
938
1035
1027
1018
1016
1020
1024
1014
1017
1022
1017
1022
1015
1019
1021
1020
1018
1016
1018
1019
1019
1021
1019
1019
1019
994
1021
1023
1008
1012
1019
1026
1012
1021
1005
1011
1010
1013
1025
1022
1023
1023
1013
1013
