1019
1019
1020
1016
1020
1019
1021
1022
1022
1020
1022
1019
1023
1019
1018
1020
1018
1020
1021
1018
1019
1021
1018
1022
1022
1022
1015
1013
1005
1024
1021
1024
1025
1021
1021
1014
1012
1007
1013
1015
1026
1014
1023
1014
1013
1017
1022
1022
1002
1002
1017
1006
1021
1008
1015
1035
1017
1020
1002
1016
1024
1021
1028
1021
1032
1011
1021
1006
994
988
1014
1029
1282
398
398
1016
1017
1017
1018
1021
1020
1021
1022
1019
1018
1023
1016
1021
1021
1019
1019
1020
1018
1021
1024
1018
1018
1022
1017
1021
1021
1021
1037
1033
1003
978
978
1029
1013
1020
1020
1018
1017
1029
1011
1028
1035
990
1144
600
1073
1004
1037
1034
1014
1054
1007
993
991
1018
1150
967
967
967
994
942
1084
1084
996
1036
1003
1023
1018
1013
1005
1030
1016
1018
1023
1024
1019
1028
1023
1014
1022
1029
1020
1008
1028
1042
1009
997
961
961
961
928
937
1092
980
980
1047
1017
995
1041
1018
1009
1026
1020
1018
1021
1039
1007
1016
1034
1018
1003
1032
1029
1013
1033
1025
992
942
1124
1069
1069
1069
1051
1015
1005
1005
1005
1010
1036
1016
1014
1022
1023
1026
1020
1018
1018
1025
1001
1028
1033
1027
1030
1016
1007
952
1064
1138
932
952
1088
1088
1088
1066
1017
1015
1015
1008
1033
1029
1024
1015
1046
1012
1006
1035
1021
1017
1023
1029
1031
1011
1009
971
1077
1068
942
1012
1045
1001
1007
1035
1035
1035
1028
1010
987
1002
1002
1026
1011
1016
1026
1024
1023
1022
1029
1034
1017
1010
976
1002
1144
1005
917
1065
1040
984
1033
1050
995
1021
1034
1020
1020
1020
996
1023
1051
1051
1051
1014
1025
1039
1020
985
973
1101
1056
919
993
1074
995
1000
1052
1021
1018
1024
1029
1021
1021
1022
1024
1015
1026
1022
1022
1022
1025
1007
971
971
1086
964
965
1053
1028
985
1033
1028
1010
1026
1034
1026
1015
1024
1021
1026
1012
1025
1027
1031
1011
972
1036
1084
981
981
981
1011
985
1029
995
1008
1033
1005
1031
1032
1029
1016
1024
1021
1053
1025
1079
1003
1006
1012
1097
971
971
1039
1034
997
1026
1025
1011
1018
1027
1014
1016
1015
1029
1015
1003
1032
1050
1027
986
1002
1053
1039
1006
1013
1027
1021
1021
1021
1017
1013
1014
998
1022
997
1056
1025
1024
1024
1038
990
971
971
992
972
1023
1042
983
1047
1028
1015
1022
1034
999
1026
1036
1019
1010
1032
1022
1018
1007
984
1077
1011
990
1007
1029
1029
1029
1032
1031
1002
1008
1025
1032
1016
1024
1019
1013
1014
981
975
975
1044
996
988
1038
1010
1014
1037
1015
1020
1028
1022
1008
1017
1027
1021
1026
1022
1017
998
1013
1058
1008
978
1018
1035
1035
1035
988
1003
1046
1059
1059
1032
1029
1022
1022
1023
1015
992
1052
1035
995
1010
1036
1020
1014
1022
1028
1011
1017
1023
1014
1015
1028
1027
1013
989
989
989
1012
1010
1007
1019
995
975
985
985
1016
1019
1025
1011
1020
1033
1021
995
1005
1055
1014
984
1028
1048
1019
1021
1032
1011
1016
1029
1017
1010
1026
1023
1014
1014
1014
1015
975
965
965
1038
1028
1009
1027
1014
1025
1014
1035
1013
1019
1000
1053
975
1038
1012
993
1032
1021
1029
1025
1010
1033
1013
1024
1010
1010
1010
1004
999
1004
1041
979
997
1035
1011
1039
1015
1029
1046
1046
1020
1022
1036
1009
1031
998
1012
1053
988
1012
1028
1017
1015
1014
1032
997
1023
1021
1026
1022
1016
1024
1006
1022
1040
1040
1040
1041
1019
1035
1016
1020
1020
1010
1013
1019
1013
1058
997
1021
1046
1015
1011
1024
1020
1028
1008
1020
1025
1016
1025
1017
1016
1015
1016
1021
996
1047
1047
1047
1028
1040
1026
1011
1023
1025
1015
1099
1029
1017
1029
1001
1053
1005
1012
998
1019
997
985
985
1014
1017
1016
1021
1025
1012
870
766
890
1089
1204
994
955
1045
1017
1021
1022
1017
1023
1020
1020
1018
1021
1023
1017
1017
1017
998
1020
1015
1020
1019
1020
1017
1031
1019
1022
1015
1013
1022
1020
1016
1017
1016
1012
1008
1028
1023
1005
1013
999
1003
1028
1023
1012
1014
1012
1025
1028
1028
1019
1019
1020
1019
1017
1021
1018
1021
1018
1020
1017
1018
1020
1019
