1022
1021
1017
1020
1020
1021
1019
1020
1018
1021
1018
1020
1020
1020
1019
1021
1020
1019
1018
1021
1019
1023
1021
1020
1017
1017
1017
1020
1020
1020
1023
1022
1002
1014
1015
1007
1021
1003
1011
1022
1015
1014
1029
1022
999
999
1023
1014
1014
1011
1017
1011
1011
1031
1017
1014
1025
999
1029
1030
1014
1006
1038
1023
1016
1001
1029
1014
1032
1003
1015
1016
1011
1010
1024
1023
1022
1014
1023
1014
1008
1017
1030
1021
1024
1014
1015
1022
1035
1021
1010
1016
1023
1010
1010
1007
1005
1019
993
1020
1005
1022
1024
1029
1023
1013
994
1013
1014
1022
1023
1010
1021
1019
1023
1015
1006
1005
1003
1034
1011
1011
1002
1024
1029
1026
1001
1028
1010
1008
1008
1012
1010
1020
1014
1008
1010
1015
1002
1014
1014
1010
1010
1015
1016
1017
1012
1021
1022
1016
1008
1011
1026
1024
1020
1013
1007
1007
1008
1005
1010
1006
997
1012
1022
1012
1019
1014
1017
1017
1003
1008
1005
1020
1023
1024
1022
1014
1020
1019
998
1014
1013
1010
1024
1023
1025
1029
1022
1011
1008
1007
997
1013
1019
1021
1003
1020
1014
1017
1023
1007
1013
1022
1030
1026
1030
1008
1007
1006
1024
1012
1005
1012
1023
1020
1010
1030
1003
1016
1020
999
1013
1029
1019
1024
1022
1025
1016
1023
1005
1020
1010
1014
1007
1004
1012
1002
1006
1023
1016
1016
1029
1010
1025
1024
1011
1007
1010
1023
1010
1014
1019
1014
1015
998
1026
1022
1026
1006
1023
1030
1032
1025
1006
1017
1011
1017
1006
1012
1011
1019
1013
1015
1012
1016
1005
1020
1021
1008
1003
1005
1033
998
1004
1012
1010
1015
1013
1010
1007
1017
1010
1022
1015
1013
1024
1022
1022
1011
1022
1011
1022
1023
1008
999
1024
1013
1021
1007
1019
1011
1015
1032
1006
1024
1016
1015
1007
1019
1015
1005
1034
1010
1001
1017
1023
1010
1013
1006
1024
1013
1008
1019
1020
1020
1026
1013
1005
1011
1011
1014
1019
1020
1023
1006
1013
1026
1026
1017
1010
1033
1020
1022
1025
1006
1011
1017
1012
1008
1026
1021
1007
1029
1022
1016
1020
1007
1007
1016
1021
1010
1013
1013
1023
1022
1004
1011
1011
1006
1013
1014
1022
1015
1008
1010
1014
1008
