1017
1017
1020
1019
1020
1019
1019
1017
1019
1021
1020
1020
1019
1015
1020
1020
1021
1024
1017
1021
1021
1021
1019
1025
1006
1013
1015
1005
1028
1014
1008
1015
1002
1006
1008
1020
1015
1015
1022
1013
1026
1014
1016
1012
1011
1022
1002
1012
1023
1029
1028
1014
1012
1013
1012
1007
1031
1011
1020
1006
1004
1016
1013
1025
1011
1029
897
832
832
910
919
1274
1267
949
868
878
988
1186
1156
960
909
1002
1107
1037
975
963
1058
1046
998
1003
1047
1019
1000
1027
1027
1027
1001
968
1022
1037
994
977
997
1039
992
997
1031
999
1014
983
1021
1017
983
993
1007
1008
1006
996
1023
1038
1053
1053
1026
1026
1012
1012
1024
1046
1012
1004
1002
1053
1030
992
1040
1032
992
1014
1033
1004
1015
1019
1012
1030
1018
1015
1025
1025
1025
1043
1038
1011
1004
1004
1032
1005
991
1008
1026
1037
987
1011
1046
1018
987
1038
1037
1006
1038
1024
1032
1002
1002
1008
1005
1035
1009
998
1030
1030
1030
1035
1019
995
980
980
1042
1020
994
1011
1011
1047
997
1001
1055
1016
988
1035
1028
989
1045
1035
1021
1040
998
1003
1013
1030
1007
1011
1043
1043
1043
1032
1003
1013
1001
986
986
1038
1023
1009
1001
1046
996
1013
1031
1019
1010
1029
1008
1001
998
1042
1026
997
1028
1018
1005
1059
1015
991
1032
1047
1047
1047
983
1033
1057
1057
1024
1033
1018
1010
1024
983
1001
1074
1002
966
1045
1059
990
1004
1042
1023
1003
1036
1043
1023
999
1008
1041
980
1000
1000
1000
994
1041
1035
1035
1016
1037
1016
1021
1038
1019
1036
1032
995
1021
1013
988
1014
1067
968
1014
1054
1015
1001
1041
1002
1056
1012
1009
1053
1053
1053
952
996
923
923
1061
999
993
1015
1036
1010
1036
1004
1007
1044
1016
1011
1041
1032
1012
1006
1014
1019
1090
958
1002
1051
1019
1060
984
984
984
1006
1030
994
1039
974
974
1054
998
997
1021
1024
1053
971
1022
1048
1021
1008
1039
1033
1010
1023
1030
1004
1007
1037
1002
1032
1009
963
1052
995
995
995
967
1114
1074
1074
1023
1036
1006
1026
1037
1031
1012
1023
1014
1018
1015
997
1009
992
1066
1028
944
1022
1074
1011
992
1033
1036
1022
1016
1016
1016
1038
1084
977
977
1031
992
991
1007
1063
1037
941
1031
1069
999
988
1056
1001
1006
1034
1031
1010
1022
1035
1008
1016
1091
945
1014
1052
1022
999
1045
1015
1014
1024
1031
1011
1013
1022
1016
1015
1025
1017
1016
1014
994
995
995
995
980
887
861
861
1003
1002
1053
1008
1015
1032
1033
1034
1000
1013
1021
1003
1028
1016
1017
1011
988
1017
1005
1084
991
948
1056
1064
988
988
988
948
1061
1100
1100
1023
1036
1002
1017
1029
1010
1015
1025
1010
1000
991
1013
1041
1081
929
1010
1077
1012
989
1061
1015
1003
1037
1016
1022
1022
1022
993
997
966
986
1037
942
942
1026
988
989
1017
1035
1083
922
1017
1081
1029
985
1053
1035
997
1037
1029
1014
1018
1019
1027
1015
1009
1020
1020
1014
1014
1014
883
924
858
858
1006
1021
1033
1083
925
1025
1089
991
1037
1163
963
1077
1016
999
1045
1016
1024
1016
1020
1017
1016
1008
1022
1022
1022
972
1112
1042
1042
1019
1022
1020
1018
1016
1014
1023
1002
1038
1019
1021
1018
1015
1022
1019
1019
1020
1018
1017
1019
1012
1026
1020
1017
1019
1019
1019
1004
1010
1016
1020
1029
1019
1007
1010
1007
983
1021
1006
1010
1013
997
1023
1016
1022
1012
997
1012
1008
1023
1030
1023
1016
1012
1023
1021
1015
1010
1013
1015
994
1028
1007
1006
1024
1019
1020
1012
1007
1032
1012
1017
1012
1028
1011
1019
1003
1008
1017
1019
1022
1007
1015
1014
1005
1017
1014
1012
1016
1033
1016
1014
1020
1008
1019
1028
1025
1025
1021
1016
1019
1020
1019
1017
1020
1018
1020
1016
1021
1019
1019
1017
1019
1020
1018
1020
1019
1020
1015
1020
1019
1017
1019
1019
1019
1004
1007
1002
1023
1013
1020
1002
999
1031
1016
1010
1012
1002
1019
1020
1016
1023
1023
1013
1030
997
1021
1015
1012
1031
1011
1012
1028
1007
1033
1005
1012
1023
1013
1024
1011
1003
1005
1019
1015
1003
1026
1020
1025
1022
1021
1013
1004
1024
1019
1030
1023
1014
1028
1014
1016
1004
1024
1012
1020
1017
1011
1020
1010
1005
1020
1007
1016
1020
1015
1020
1021
1021
1010
1021
1020
1020
1001
1026
1025
1025
1019
1021
1019
1019
1018
1016
1020
1017
1020
1017
1019
1020
1019
1018
1019
1019
1017
1019
1017
1020
1019
1018
1021
1017
1017
1017
1011
1017
1011
1003
1024
1007
1024
1029
1003
1017
1012
1024
998
1016
1010
1004
1017
1006
1020
1015
1007
1011
1028
1016
1012
1015
1019
1013
1017
1025
1025
1020
1012
1006
1026
1004
1010
1013
1014
1011
1003
1013
1005
1007
1024
1015
1023
1020
1030
1010
1016
1012
1014
999
1026
1011
1008
1025
1004
1007
1017
1025
1011
1016
1014
1006
1030
1024
1017
1010
1013
1008
1014
1007
1019
1021
1032
1024
1020
1010
1022
1003
1017
1013
1004
1022
995
1011
1014
1014
1015
995
1012
997
1016
1012
1020
1017
1001
1022
1008
1012
1016
1010
1021
1015
1005
1011
998
1006
1008
1005
1022
1006
1014
1026
1006
1016
1030
1014
1020
1025
1008
1016
1024
1003
1010
1014
1012
1021
1008
1017
1017
1014
1020
1021
1012
1008
1004
1006
1008
1020
1006
996
1010
1025
1016
1019
1019
1014
1004
1016
1022
1019
1008
1023
1003
1007
1004
1012
1011
1010
1017
1023
1014
1013
998
1023
1023
1011
1007
1021
1026
1012
1008
1014
1007
1004
1016
1005
1004
1013
1013
1030
1007
1014
1017
1031
1010
1011
1003
1025
1010
