1017
1018
1022
1018
1021
1019
1020
1019
1017
1019
1019
1018
1019
1020
1020
1018
1020
1020
1017
1019
1019
1019
1018
1016
1020
1020
1020
998
1031
1010
1017
1011
1015
1014
1032
1004
1015
1024
1011
1021
1017
1019
1022
1016
1010
1002
1031
1031
1031
867
868
854
907
936
1339
1208
931
876
865
1003
1204
1162
943
894
997
1104
1082
961
957
1049
1066
1006
986
1033
1033
1033
1056
1006
1028
1028
1016
1038
1004
1009
1015
1026
1023
1010
1021
1027
1028
1014
1016
1035
1019
1035
1003
1021
1028
1002
1018
1026
1016
1008
1029
1029
1029
1023
1014
1046
1028
1007
1010
1031
1019
983
1038
1025
994
997
1030
1022
1019
992
961
1031
1024
1014
1042
1014
1003
1032
1035
1024
1026
1071
1048
1048
997
1011
1024
1035
984
1015
1045
1015
987
1038
1037
990
1047
1034
1012
1014
1006
1003
1009
1033
1003
1006
1045
1023
1002
1002
1002
990
995
1026
1029
1029
989
1005
1042
1020
983
1027
1043
1002
1011
1029
1004
1050
1018
1014
1044
1015
998
1018
1028
1016
1003
1015
1045
1005
1008
1008
1008
1022
1025
995
997
1058
969
969
1007
1035
1003
1016
1035
1016
1016
1027
1009
1010
1011
1041
1008
1004
1038
1006
1000
1064
1009
984
1053
1025
1010
1034
1029
1029
1029
950
1020
1077
1077
1023
1005
980
1044
1039
992
980
1075
1032
975
1015
1056
999
1024
1029
1039
1024
987
1039
1005
984
1014
1073
962
1012
1012
1012
966
1040
1008
1008
1029
1038
1012
1047
1005
1000
1022
998
986
1073
1011
1011
1030
974
1007
1055
1020
984
1007
1037
1009
1034
1012
994
1049
1020
1001
1041
1041
1010
1009
1012
1024
1079
1079
1079
1102
998
1037
1037
1025
1027
996
1029
1008
1032
1020
991
1050
1008
985
1016
1020
1056
974
1017
1047
1030
1011
1026
1037
1017
1025
1027
1003
1003
1003
960
979
1008
939
939
999
1066
989
982
1044
1040
1004
1013
1046
1008
1020
1041
1032
1016
1019
1025
1018
1013
998
1010
989
1068
1025
941
1025
1025
1025
1139
1110
1014
1014
1035
1005
1033
1030
1032
1009
1016
1026
988
998
1005
1073
1018
940
1035
1072
997
989
1056
993
1010
1046
1020
1004
1025
1025
1025
945
1031
1005
1005
997
1005
1071
1024
950
1033
1057
1005
1012
1047
1007
1020
1024
1023
1006
1022
1013
1019
1017
1025
1014
1006
1021
992
1002
1061
1027
994
1049
1033
1003
1009
1056
1036
1003
1019
1022
998
1025
1031
1001
993
1017
1065
1036
936
936
936
943
922
1040
979
979
1028
1022
1008
1035
1011
1001
1034
1023
1005
1013
1042
1006
986
1013
1014
1082
963
980
1060
1045
990
1044
1027
1003
1035
1035
1035
1115
974
985
985
1015
1012
1038
997
1021
1033
983
995
1014
1030
1114
925
975
1082
1048
981
1042
1036
993
1041
1026
1014
1013
1014
1028
1028
1028
994
1061
1026
1026
1019
1019
1020
1010
998
1011
1005
1030
1100
929
1002
1090
1173
1013
1018
1019
1021
1020
1020
1018
1020
1017
1018
1019
1019
1019
1019
1005
1023
1032
1014
1014
1023
1008
1026
1023
1019
1021
1012
1022
1007
1010
1002
1013
1014
1001
1003
1014
1010
1012
1032
1019
1003
1007
1013
1016
1012
1016
1004
1007
1011
1005
1010
1019
1024
1026
1026
1021
1019
1021
1018
1019
1020
1018
1019
1017
1019
1018
1020
1019
1019
1019
1022
1020
1022
1020
1019
1017
1018
1017
1021
1021
1021
1021
1007
1029
1021
1008
1022
1019
1008
1003
1012
1014
1010
1012
1014
1012
1025
1011
1005
1012
1023
1026
1005
1012
1031
1010
1015
1011
1008
1014
1012
1008
1025
1003
1021
1026
1015
1020
1013
1026
1025
1025
1019
1020
1021
1018
1019
1020
1020
1017
1020
1017
1020
1017
1022
1021
1021
1019
1021
1020
1020
1018
1019
1018
1020
1018
1020
1020
1020
1003
1016
1021
1021
1005
1008
1008
1004
1006
1031
1017
1011
1023
1011
1025
1028
1028
1017
1021
1023
1020
1017
1020
1021
1021
1020
1017
1022
1018
1020
1019
1020
1017
1017
1020
1017
1018
1018
1018
1017
1020
1019
1019
1019
1019
1026
1006
1015
1012
1002
1010
998
1016
1002
1025
1016
1008
1022
1001
1028
998
1026
1011
1015
1001
1010
1019
1016
1026
1005
1023
1017
1017
1015
1023
1029
1017
1017
1003
999
1020
1024
1020
1015
1011
1011
1013
1024
1025
1019
1030
1006
1007
989
1040
1040
1017
1017
1020
1021
1020
1016
1019
1018
1019
1021
1018
