1008
1009
1010
1011
1012
1013
1014
1014
1015
1015
1016
1016
1016
1016
1016
1017
1017
1017
1017
1017
1017
1017
1017
1017
1017
1017
1017
1017
1017
1017
1017
1017
1017
1017
1017
1017
1017
1017
1017
1017
1017
1017
1017
1017
1017
1017
1018
1018
1018
1018
1018
1018
1018
1018
1018
1018
1018
1018
1018
1018
1018
1018
1018
1018
1018
1018
1018
1018
1018
1018
1018
1018
1018
1018
1018
1018
1018
1018
1018
1018
1018
1018
1018
1018
1018
1018
1018
1018
1018
1018
1018
1018
1018
1018
1018
1018
1018
1018
1018
1018
1018
1018
1018
1018
1018
1018
1018
1018
1018
1018
1018
1018
1018
1018
1018
1018
1018
1018
1018
1018
1018
1018
1018
1018
1018
1018
1018
1018
1018
1018
1018
1018
1018
1018
1018
1018
1018
1018
1018
1018
1018
1018
1018
1018
1018
1018
1018
1018
1018
1018
1018
1018
1018
1018
1018
1018
1018
1018
1018
1018
1018
1018
1018
1018
1018
1018
1018
1018
1018
1018
1018
1018
1018
1018
1018
1018
1018
1018
1018
1018
1018
1018
1018
1018
1018
1018
1018
1018
1018
1018
1018
1018
1018
1018
1018
1018
1018
1018
1018
1018
1018
1018
1018
1018
1018
1018
1018
1018
1018
1018
1018
1018
1018
1018
1018
1018
1018
1018
1018
1018
1018
1018
1018
1018
1018
1018
1018
1018
1018
1018
1018
1018
1018
1018
1018
1018
1018
1018
1018
1018
1018
1018
1018
1018
1018
1018
1018
1018
1018
1018
1018
1018
1018
1018
1018
1018
1018
1018
1018
1018
1018
1018
1018
1018
1018
1018
1018
1018
1018
1018
1018
1018
1018
1018
1018
1018
1018
1018
1018
1018
1018
1018
1018
1018
1018
1018
1018
1018
1018
1018
1018
1018
1018
1018
1018
1018
1018
1018
1018
1018
1018
1018
1018
1018
1018
1018
1018
1018
1018
1018
1018
1018
1018
1018
1018
1018
1018
1018
1018
1018
1018
1018
1018
1018
1018
1018
1018
1018
1018
1018
1018
1018
1018
1018
1018
1018
1018
1018
1018
1018
1018
1018
1018
1018
866
868
867
865
866
867
864
867
863
866
868
874
884
902
927
953
983
1008
1028
1041
1047
1044
1037
1030
1021
1013
1003
993
983
974
966
959
954
952
951
954
958
970
985
1004
1022
1040
1053
1062
1063
1061
1052
1045
1034
1023
1013
1003
997
990
987
982
994
996
1002
1008
1017
1025
1034
1037
1038
1038
1033
1029
1023
1016
1011
1007
1004
1003
1004
1008
1012
1018
1021
1025
1027
1028
1026
1025
1022
1019
1016
1014
1012
1011
1012
1013
1015
1017
1019
1022
1026
1024
1022
1025
1025
1025
1025
1025
1025
1025
1025
1025
1025
1025
1025
1025
1025
1025
1025
1025
1025
1025
1025
1025
1025
1025
1025
1025
1025
1025
1025
1025
1025
1025
1025
1025
1025
1025
1025
1025
1025
1025
1025
1025
1025
1025
1025
1025
1025
1025
1025
1025
1025
1025
1025
1025
1025
1025
1025
1025
1025
1025
1025
1025
1025
1025
1025
1025
1025
1025
1025
1025
1025
1025
1025
1025
1025
1025
1025
1025
1025
1025
1025
1025
1025
1025
1025
1025
1025
1025
1025
1025
1025
1025
1025
1025
988
989
991
993
996
998
1000
1001
1003
1003
1004
1003
1005
1006
1007
1007
1008
1008
1010
1012
1014
1014
1016
1017
1017
1016
1016
1016
1015
1014
1013
1013
1015
1018
1019
1018
1019
1020
1021
1025
1024
1023
1023
1022
1017
1017
1020
1021
1018
1019
1021
1020
1019
1020
1020
1021
1022
1023
1024
1024
1023
1021
1018
1018
1018
1019
1020
1022
1022
1023
1024
1024
1022
1019
1017
1017
1016
1016
1018
1018
1019
1018
1019
1019
1020
1019
1018
1018
1020
1020
1020
1020
1019
1017
1017
1016
1014
1012
1014
1015
1015
1015
1015
1015
1015
1015
1015
1015
1015
1015
1015
1015
1015
1015
1015
1015
1015
1015
1015
1015
1013
1013
1012
1011
1011
1011
1012
1013
1015
1015
1017
1018
1019
1020
1021
1020
1021
1020
1021
1021
1022
1020
1020
1023
1025
1026
1026
1026
1025
1026
1025
1023
1021
1019
1015
1015
1015
1015
1014
1014
1015
1016
1017
1018
1021
1026
1023
1022
1019
1016
1015
1014
1012
1012
1013
1013
1015
1017
1020
1021
1021
1019
1019
1020
1019
1017
1016
1015
1012
1015
1019
1019
1017
1020
1023
1024
1021
1022
1020
1019
1020
1017
1015
1023
1022
1018
1023
1027
1029
1028
1028
1029
1028
1026
1023
1019
1018
1018
1016
1016
1016
1016
1016
1016
1016
1016
1016
1016
1016
1016
1016
1016
1016
1016
1016
1016
1016
1016
1016
1016
1016
1016
1016
1016
1016
1016
1016
1016
1016
1016
1016
1016
1016
1016
1016
1016
1016
1016
1016
1016
1016
1016
1016
1024
1023
1022
1023
1023
1023
1023
1024
1023
1024
1025
1026
1028
1029
1027
1026
1024
1025
1024
1021
1018
1016
1015
1014
1016
1014
1013
1013
1015
1022
1023
1023
1023
1022
1021
1019
1016
1012
1010
1011
1011
1014
1017
1019
1020
1022
1021
1022
1020
1017
1016
1014
1013
1015
1015
1016
1019
1024
1017
1024
1017
1016
1017
1016
1016
1020
1023
1022
1020
1024
1023
1021
1021
1020
1022
1022
1023
1024
1026
1026
1026
1024
1024
1021
1018
1015
1016
1018
1019
1018
1016
1015
1015
1022
1023
1020
1019
1020
1020
1021
1021
1021
1021
1021
1021
1021
1021
1021
1021
1021
1021
1021
1021
1021
1021
1021
1021
1021
1021
1021
1046
1044
1042
1040
1038
1036
1036
1036
1035
1034
1033
1032
1032
1032
1031
1031
1031
1030
1029
1029
1029
1029
1029
1029
1029
1030
1030
1029
1027
1025
1025
1025
1024
1023
1022
1020
1019
1018
1024
1028
1025
1022
1022
1020
1019
1019
1017
1016
1018
1018
1019
1021
1022
1022
1022
1022
1022
1022
1022
1022
1020
1020
1020
1020
1020
1021
1020
1019
1019
1019
1018
1017
1017
1019
1011
1013
1013
1016
1018
1021
1024
1022
1020
1021
1021
1020
1017
1016
1016
1016
1018
1020
1021
1022
1020
1018
1018
1018
1017
1015
1015
1015
1015
1015
1015
1015
1015
1015
1015
1015
1015
1015
1015
1015
1015
1015
1015
1015
1015
1015
1015
1015
1015
1015
1012
1012
1012
1013
1013
1015
1016
1017
1018
1019
1018
1019
1019
1019
1019
1020
1021
1021
1021
1021
1022
1022
1024
1024
1025
1024
1025
1024
1025
1023
1024
1024
1023
1022
1022
1021
1021
1021
1021
1021
1020
1020
1016
1015
1013
1012
1011
1012
1012
1013
1021
1024
1025
1025
1023
1022
1021
1018
1015
1012
1010
1009
1010
1012
1016
1019
1023
1025
1026
1025
1023
1019
1017
1014
1013
1012
1013
1013
1014
1017
1020
1022
1024
1024
1022
1020
1017
1016
1016
1016
1017
1019
1019
1022
1024
1027
1028
1029
1027
1025
1025
1025
1025
1025
1025
1025
1025
1025
1025
1025
1025
1025
1025
1025
1025
1025
1025
1025
1025
1025
1025
1025
1025
1025
1025
1025
1025
1025
992
989
988
988
988
989
992
995
998
1002
1005
1008
1010
1012
1011
1011
1010
1009
1008
1009
1010
1011
1013
1015
1015
1016
1016
1016
1015
1015
1014
1014
1014
1015
1017
1019
1021
1021
1021
1021
1020
1020
1021
1021
1024
1024
1026
1026
1023
1022
1020
1020
1018
1018
1018
1019
1019
1018
1017
1016
1015
1014
1014
1012
1011
1008
1007
1009
1015
1023
1026
1024
1023
1018
1015
1013
1011
1010
1011
1012
1013
1015
1017
1020
1022
1022
1022
1021
1019
1019
1019
1017
1018
1019
1021
1021
1021
1022
1018
1018
1018
1018
1018
1018
1018
1018
1018
1018
1018
1018
1018
1018
1018
1018
1018
1018
1018
1018
1018
1005
1007
1007
1008
1007
1005
1004
1005
1008
1011
1014
1015
1015
1013
1010
1006
1004
1003
1003
1003
1005
1007
1007
1011
1018
1023
1024
1021
1019
1015
1015
1013
1012
1011
1010
1010
1012
1014
1014
1016
1016
1017
1016
1018
1019
1018
1020
1020
1021
1021
1021
1019
1019
1017
1016
1015
1014
1014
1016
1018
1021
1023
1024
1024
1023
1021
1019
1017
1016
1016
1017
1018
1021
1023
1024
1024
1024
1023
1023
1023
1022
1022
1022
1020
1019
1016
1017
1017
1017
1019
1018
1019
1019
1020
1027
1031
1034
1033
1028
1024
1024
1024
1024
1024
1024
1024
1024
1024
1024
1024
1024
1024
1024
1024
1024
1024
1024
1024
1024
1024
1024
1024
1024
1024
1033
1032
1032
1031
1032
1028
1026
1024
1023
1022
1023
1024
1023
1023
1024
1024
1023
1023
1022
1022
1023
1022
1023
1023
1022
1021
1018
1018
1018
1019
1020
1020
1021
1022
1022
1022
1020
1018
1016
1015
1013
1013
1012
1013
1013
1014
1014
1015
1016
1018
1028
1030
1030
1026
1022
1018
1014
1012
1012
1012
1014
1015
1018
1020
1024
1026
1028
1027
1026
1025
1024
1021
1020
1018
1019
1019
1021
1024
1022
1024
1026
1026
1026
1026
1024
1023
1022
1021
1022
1023
1024
1027
1028
1026
1025
1024
1022
1021
1017
1017
1017
1017
1017
1017
1017
1017
1017
1017
1017
1017
1017
1017
1017
1017
1017
1017
1017
1017
1017
1017
980
983
984
988
991
991
994
995
995
994
995
1004
1009
1013
1011
1010
1008
1006
1003
1001
1000
1000
1001
1004
1008
1012
1016
1018
1019
1018
1016
1016
1014
1013
1012
1012
1013
1016
1018
1020
1020
1020
1019
1018
1017
1017
1018
1019
1020
1022
1023
1024
1024
1025
1025
1025
1026
1025
1025
1024
1024
1024
1024
1023
1022
1020
1020
1020
1021
1021
1022
1021
1022
1021
1019
1017
1017
1016
1017
1017
1014
1016
1015
1015
1013
1013
1011
1010
1008
1008
1008
1010
1014
1026
1028
1031
1028
1024
1019
1014
1014
1014
1014
1014
1014
1014
1014
1014
1014
1014
1014
1014
1014
1014
1014
1014
1014
1014
1014
1014
1050
1050
1051
1051
1049
1047
1045
1043
1043
1041
1040
1039
1037
1036
1034
1035
1035
1035
1035
1034
1034
1034
1033
1033
1032
1033
1033
1033
1032
1033
1032
1031
1030
1029
1029
1028
1027
1029
1028
1027
1026
1024
1023
1022
1019
1018
1017
1015
1015
1014
1014
1013
1014
1012
1012
1013
1018
1030
1033
1034
1029
1025
1020
1014
1009
1006
1006
1008
1010
1013
1016
1022
1025
1027
1026
1025
1023
1019
1015
1012
1012
1013
1015
1018
1020
1022
1021
1022
1019
1019
1016
1017
1018
1019
1018
1019
1019
1019
1021
1022
1022
1022
1022
1022
1022
1022
1022
1022
1022
1022
1022
1022
1022
1022
1022
1022
1022
1022
1022
1022
1026
1026
1025
1025
1025
1026
1025
1024
1024
1024
1022
1020
1019
1016
1016
1014
1014
1014
1014
1013
1013
1011
1011
1015
1025
1031
1033
1032
1029
1022
1017
1015
1010
1012
1009
1013
1014
1017
1019
1022
1025
1025
1025
1025
1023
1021
1019
1019
1019
1020
1022
1024
1025
1025
1023
1023
1023
1022
1022
1023
1022
1022
1021
1021
1022
1021
1022
1021
1022
1019
1021
1019
1021
1019
1020
1019
1020
1019
1018
1018
1017
1017
1018
1019
1020
1021
1021
1022
1022
1020
1020
1021
1021
1021
1019
1020
1019
1020
1019
1019
1019
1019
1019
1019
1019
1019
1019
1019
1019
1019
1019
1019
1019
1019
1019
1019
1019
1019
1019
1082
1084
1078
1072
1064
1057
1050
1046
1041
1040
1039
1039
1040
1042
1042
1043
1043
1042
1041
1040
1037
1035
1033
1032
1031
1031
1031
1031
1032
1031
1031
1031
1030
1031
1030
1029
1027
1024
1023
1024
1020
1023
1028
1030
1035
1036
1037
1038
1034
1030
1029
1026
1025
1026
1025
1025
1025
1026
1025
1025
1023
1024
1023
1021
1019
1019
1021
1021
1022
1023
1022
1020
1020
1019
1017
1016
1019
1019
1020
1021
1020
1018
1017
1015
1014
1010
1008
1010
1011
1009
1011
1011
1011
1016
1018
1034
1033
1036
1030
1026
1026
1026
1026
1026
1026
1026
1026
1026
1026
1026
1026
1026
1026
1026
1026
1026
1026
1026
1026
1026
1026
1026
1026
1026
989
993
992
992
991
992
994
997
999
1002
1004
1006
1008
1009
1009
1008
1008
1007
1005
1006
1008
1011
1013
1015
1017
1016
1016
1014
1014
1012
1012
1011
1012
1012
1014
1015
1016
1017
1019
1016
1016
1015
1016
1014
1015
1017
1014
1018
1014
1021
1017
1018
1019
1020
1017
1014
1012
1013
1006
1009
1008
1009
1008
1011
1008
1010
1007
1009
1013
1016
1028
1026
1030
1026
1021
1011
1010
1005
1005
1003
1005
1009
1015
1018
1023
1025
1026
1026
1025
1021
1018
1016
1015
1015
1018
1020
1024
1026
1027
1026
1026
1026
1026
1026
1026
1026
1026
1026
1026
1026
1026
1026
1026
1026
1026
1026
1026
1026
1026
1026
1011
1012
1011
1013
1014
1015
1017
1018
1018
1019
1018
1017
1016
1016
1015
1015
1015
1016
1017
1017
1019
1019
1020
1020
1019
1018
1017
1016
1015
1015
1016
1016
1018
1019
1020
1020
1019
1018
1017
1014
1013
1011
1010
1008
1008
1008
1009
1009
1009
1008
1006
1009
1013
1027
1032
1036
1029
1028
1018
1014
1005
1003
999
1001
1003
1008
1015
1017
1023
1025
1028
1027
1024
1022
1019
1019
1018
1018
1019
1021
1023
1024
1025
1023
1024
1021
1022
1021
1022
1022
1022
1023
1024
1023
1025
1023
1023
1022
1021
1021
1021
1021
1021
1021
1021
1021
1021
1021
1021
1021
1021
1021
1021
1021
1021
1021
1021
1021
1021
1021
1011
1013
1014
1014
1014
1015
1014
1014
1014
1012
1013
1013
1015
1016
1018
1016
1018
1016
1017
1017
1019
1017
1018
1016
1017
1016
1018
1017
1019
1018
1019
1018
1017
1016
1014
1014
1013
1012
1011
1011
1010
1012
1011
1012
1010
1011
1009
1011
1015
1021
1031
1031
1033
1028
1022
1014
1008
1006
1007
1007
1011
1014
1021
1025
1029
1028
1026
1023
1021
1020
1020
1021
1020
1030
1029
1031
1050
1056
1057
1054
1050
1042
1043
1047
1047
1042
1035
1031
1039
1040
1037
1037
1033
1030
1033
1032
1032
1031
1023
1027
1027
1027
1027
1027
1027
1027
1027
1027
1027
1027
1027
1027
1027
1027
1027
1027
1027
1027
1027
1056
1054
1052
1049
1045
1044
1044
1043
1040
1037
1037
1036
1036
1032
1031
1034
1033
1033
1027
1029
1031
1030
1029
1028
1027
1028
1027
1022
1024
1027
1026
1026
1021
1024
1025
1025
1025
1025
1023
1023
1023
1022
1021
1023
1022
1021
1021
1021
1021
1021
1021
1021
1022
1021
1020
1022
1021
1020
1020
1021
1020
1020
1019
1019
1018
1019
1018
1017
1018
1018
1018
1018
1018
1017
1019
1019
1019
1018
1019
1019
1019
1019
1019
1017
1019
1018
1019
1019
1018
1019
1018
1019
1019
1019
1019
1019
1019
1019
1019
1019
1019
1019
1019
1019
1019
1019
1019
1019
1019
1019
1019
1019
1019
1019
1019
1019
1019
1019
1019
1019
1019
1019
1019
1019
1019
1019
1019
1019
1019
1019
1019
1019
1019
1019
1019
1019
1019
1019
1019
1019
1019
1019
1019
1019
1019
1019
1019
1019
1019
1019
1019
1019
1012
1013
1013
1013
1013
1014
1014
1014
1014
1014
1014
1014
1014
1014
1015
1015
1015
1015
1015
1015
1015
1015
1015
1015
1016
1016
1016
1016
1016
1016
1016
1016
1016
1017
1017
1017
1017
1018
1017
1018
1018
1018
1018
1018
1018
1018
1018
1018
1018
1018
1019
1020
1020
1020
1020
1020
1020
1020
1020
1020
1020
1020
1020
1020
1020
1020
1020
1020
1020
1020
1020
1020
1020
1020
1020
1020
1020
1020
1020
1020
1020
1020
1020
1020
1020
1019
1019
1019
1019
1019
1019
1019
1019
1019
1019
1019
1019
1019
1019
1019
1019
1019
1019
1019
1019
1019
1019
1019
1019
1019
1019
1019
1019
1019
1019
1019
1019
1019
1019
1019
1019
1019
1019
1019
1019
1019
1019
1019
1019
1019
1019
1019
1019
1019
1019
1019
1019
1019
1019
1019
1019
1019
1019
1019
1019
1019
1019
1019
1019
1019
1019
1019
1019
1019
1019
1019
1019
1019
1019
1019
1019
1019
1019
1019
1019
1019
1019
1019
1019
1019
1019
1019
1019
1019
1019
1019
1019
1019
1019
1019
1019
1019
1019
1019
1019
1019
1019
1019
1019
1019
1019
1019
1019
1019
1019
1019
1019
1019
1019
1019
1019
1019
1019
1019
1019
1019
1019
1019
1019
1019
1019
1019
1019
1019
1019
1019
1019
1019
1019
1019
1019
1019
1019
1019
1019
1019
1019
1019
1019
1019
1019
1019
1019
1019
1019
1019
1019
1019
1019
1019
1019
1019
1019
1019
1019
1019
1019
1019
1019
1019
1019
1019
1019
1019
1019
1019
1019
1019
1019
1019
1019
1019
1019
1019
1019
1019
1019
1019
1019
1019
1019
1019
1019
1019
1019
1019
1019
1019
1019
1019
1019
1019
1019
1019
1019
1019
1019
1019
1019
1019
1019
1019
1019
1019
1019
1019
1019
1019
1019
1019
1019
1019
1019
1019
1019
1019
1019
1019
1019
1019
1019
1019
1019
1019
1019
1019
1019
1019
1019
1019
1019
1019
1019
1019
1019
1019
1019
1019
1019
1019
1019
1019
1019
1019
1019
1019
1019
1019
1019
1019
1019
1019
1019
1019
1019
1019
1019
1019
1019
1019
1019
1019
1019
1019
1019
1019
1019
1019
1019
1019
1019
1019
1019
1019
1019
1019
1019
1019
1019
1019
1019
1019
1019
1019
1019
1019
1019
1019
1019
1019
1019
1019
1019
1019
1019
1019
1019
1019
1019
1019
1019
1019
1019
1019
1019
1019
1019
1019
1019
1019
1019
1019
1019
1019
1019
1019
1019
1019
1019
1019
1019
1019
1019
1019
1019
1019
1019
1019
1019
1019
1019
1019
1019
1019
1019
1019
1019
1019
1019
1019
1019
1019
1019
1019
1019
1019
1019
1019
1019
1019
1019
1019
1019
1019
1019
1019
1019
1019
1019
1019
1019
1019
1019
1019
1019
1019
1019
1019
1019
1019
1019
1019
1019
1019
1019
1019
1019
1019
1019
1019
1019
1019
